graph = {
	0, [6, 3]
	1, [5, 7, 4]
	2, [4]
	3, [1]
	4, [7, 0, 6]
	5, [2, 7, 3]
	6, [4, 1, 3]
	7, [2, 0, 6]
}
the number of primePath:297
path1: [4, 6, 4]
path2: [6, 4, 6]
path3: [0, 6, 4, 0]
path4: [1, 4, 6, 1]
path5: [1, 5, 3, 1]
path6: [1, 7, 6, 1]
path7: [2, 4, 7, 2]
path8: [3, 1, 5, 3]
path9: [4, 0, 6, 4]
path10: [4, 6, 1, 4]
path11: [4, 7, 2, 4]
path12: [4, 7, 6, 4]
path13: [5, 3, 1, 5]
path14: [6, 1, 4, 6]
path15: [6, 1, 7, 6]
path16: [6, 4, 0, 6]
path17: [6, 4, 7, 6]
path18: [7, 2, 4, 7]
path19: [7, 6, 1, 7]
path20: [7, 6, 4, 7]
path21: [0, 3, 1, 4, 0]
path22: [0, 3, 1, 7, 0]
path23: [0, 6, 1, 4, 0]
path24: [0, 6, 1, 7, 0]
path25: [0, 6, 4, 7, 0]
path26: [0, 6, 4, 7, 2]
path27: [1, 4, 0, 3, 1]
path28: [1, 4, 0, 6, 1]
path29: [1, 4, 6, 3, 1]
path30: [1, 4, 7, 6, 1]
path31: [1, 5, 7, 6, 1]
path32: [1, 7, 0, 3, 1]
path33: [1, 7, 0, 6, 1]
path34: [1, 7, 6, 3, 1]
path35: [3, 1, 4, 0, 3]
path36: [3, 1, 4, 6, 3]
path37: [3, 1, 7, 0, 3]
path38: [3, 1, 7, 6, 3]
path39: [4, 0, 3, 1, 4]
path40: [4, 0, 6, 1, 4]
path41: [4, 6, 3, 1, 4]
path42: [4, 7, 0, 6, 4]
path43: [4, 7, 6, 1, 4]
path44: [5, 3, 1, 4, 6]
path45: [5, 7, 6, 1, 5]
path46: [6, 1, 4, 0, 6]
path47: [6, 1, 4, 7, 6]
path48: [6, 1, 5, 7, 6]
path49: [6, 1, 7, 0, 6]
path50: [6, 3, 1, 4, 6]
path51: [6, 3, 1, 7, 6]
path52: [6, 4, 7, 0, 6]
path53: [7, 0, 3, 1, 7]
path54: [7, 0, 6, 1, 7]
path55: [7, 0, 6, 4, 7]
path56: [7, 6, 1, 4, 7]
path57: [7, 6, 1, 5, 7]
path58: [7, 6, 3, 1, 7]
path59: [0, 3, 1, 4, 7, 0]
path60: [0, 3, 1, 4, 7, 2]
path61: [0, 3, 1, 4, 7, 6]
path62: [0, 3, 1, 5, 7, 0]
path63: [0, 6, 1, 4, 7, 0]
path64: [0, 6, 1, 4, 7, 2]
path65: [0, 6, 1, 5, 7, 0]
path66: [0, 6, 3, 1, 4, 0]
path67: [0, 6, 3, 1, 7, 0]
path68: [1, 4, 0, 6, 3, 1]
path69: [1, 4, 7, 0, 3, 1]
path70: [1, 4, 7, 0, 6, 1]
path71: [1, 4, 7, 6, 3, 1]
path72: [1, 5, 2, 4, 6, 1]
path73: [1, 5, 7, 0, 3, 1]
path74: [1, 5, 7, 0, 6, 1]
path75: [1, 5, 7, 6, 3, 1]
path76: [1, 7, 0, 6, 3, 1]
path77: [1, 7, 2, 4, 6, 1]
path78: [2, 4, 6, 1, 5, 2]
path79: [2, 4, 6, 1, 7, 2]
path80: [3, 1, 4, 0, 6, 3]
path81: [3, 1, 4, 7, 0, 3]
path82: [3, 1, 4, 7, 6, 3]
path83: [3, 1, 5, 7, 0, 3]
path84: [3, 1, 5, 7, 6, 3]
path85: [3, 1, 7, 0, 6, 3]
path86: [4, 0, 6, 3, 1, 4]
path87: [4, 6, 1, 5, 2, 4]
path88: [4, 6, 1, 7, 2, 4]
path89: [4, 7, 0, 3, 1, 4]
path90: [4, 7, 0, 6, 1, 4]
path91: [4, 7, 6, 3, 1, 4]
path92: [5, 2, 4, 6, 1, 5]
path93: [5, 3, 1, 4, 0, 6]
path94: [5, 3, 1, 4, 7, 2]
path95: [5, 3, 1, 4, 7, 6]
path96: [5, 7, 0, 3, 1, 5]
path97: [5, 7, 0, 6, 1, 4]
path98: [5, 7, 0, 6, 1, 5]
path99: [5, 7, 6, 3, 1, 5]
path100: [6, 1, 4, 7, 0, 3]
path101: [6, 1, 4, 7, 0, 6]
path102: [6, 1, 5, 2, 4, 6]
path103: [6, 1, 5, 7, 0, 6]
path104: [6, 1, 7, 2, 4, 6]
path105: [6, 3, 1, 4, 0, 6]
path106: [6, 3, 1, 4, 7, 6]
path107: [6, 3, 1, 5, 7, 6]
path108: [6, 3, 1, 7, 0, 6]
path109: [7, 0, 3, 1, 4, 7]
path110: [7, 0, 3, 1, 5, 7]
path111: [7, 0, 6, 1, 4, 7]
path112: [7, 0, 6, 1, 5, 7]
path113: [7, 0, 6, 3, 1, 7]
path114: [7, 2, 4, 6, 1, 7]
path115: [7, 6, 3, 1, 4, 7]
path116: [7, 6, 3, 1, 5, 7]
path117: [0, 3, 1, 5, 2, 4, 0]
path118: [0, 3, 1, 7, 2, 4, 0]
path119: [0, 3, 1, 7, 2, 4, 6]
path120: [0, 3, 1, 7, 6, 4, 0]
path121: [0, 6, 1, 5, 2, 4, 0]
path122: [0, 6, 1, 7, 2, 4, 0]
path123: [0, 6, 3, 1, 4, 7, 0]
path124: [0, 6, 3, 1, 4, 7, 2]
path125: [0, 6, 3, 1, 5, 7, 0]
path126: [1, 4, 7, 0, 6, 3, 1]
path127: [1, 5, 2, 4, 0, 3, 1]
path128: [1, 5, 2, 4, 0, 6, 1]
path129: [1, 5, 2, 4, 6, 3, 1]
path130: [1, 5, 2, 4, 7, 6, 1]
path131: [1, 5, 7, 0, 6, 3, 1]
path132: [1, 5, 7, 2, 4, 6, 1]
path133: [1, 7, 2, 4, 0, 3, 1]
path134: [1, 7, 2, 4, 0, 6, 1]
path135: [1, 7, 2, 4, 6, 3, 1]
path136: [1, 7, 6, 4, 0, 3, 1]
path137: [2, 4, 0, 3, 1, 5, 2]
path138: [2, 4, 0, 3, 1, 7, 2]
path139: [2, 4, 0, 6, 1, 5, 2]
path140: [2, 4, 0, 6, 1, 7, 2]
path141: [2, 4, 6, 1, 5, 7, 2]
path142: [2, 4, 6, 3, 1, 5, 2]
path143: [2, 4, 6, 3, 1, 7, 2]
path144: [2, 4, 7, 6, 1, 5, 2]
path145: [2, 4, 7, 6, 1, 5, 3]
path146: [3, 1, 4, 7, 0, 6, 3]
path147: [3, 1, 5, 2, 4, 0, 3]
path148: [3, 1, 5, 2, 4, 6, 3]
path149: [3, 1, 5, 7, 0, 6, 3]
path150: [3, 1, 5, 7, 0, 6, 4]
path151: [3, 1, 7, 2, 4, 0, 3]
path152: [3, 1, 7, 2, 4, 6, 3]
path153: [3, 1, 7, 6, 4, 0, 3]
path154: [4, 0, 3, 1, 5, 2, 4]
path155: [4, 0, 3, 1, 7, 2, 4]
path156: [4, 0, 3, 1, 7, 6, 4]
path157: [4, 0, 6, 1, 5, 2, 4]
path158: [4, 0, 6, 1, 7, 2, 4]
path159: [4, 6, 1, 5, 7, 2, 4]
path160: [4, 6, 3, 1, 5, 2, 4]
path161: [4, 6, 3, 1, 7, 2, 4]
path162: [4, 7, 0, 6, 3, 1, 4]
path163: [4, 7, 6, 1, 5, 2, 4]
path164: [5, 2, 4, 0, 3, 1, 5]
path165: [5, 2, 4, 0, 6, 1, 5]
path166: [5, 2, 4, 0, 6, 1, 7]
path167: [5, 2, 4, 6, 3, 1, 5]
path168: [5, 2, 4, 7, 6, 1, 5]
path169: [5, 3, 1, 4, 7, 0, 6]
path170: [5, 3, 1, 7, 0, 6, 4]
path171: [5, 3, 1, 7, 2, 4, 6]
path172: [5, 3, 1, 7, 6, 4, 0]
path173: [5, 7, 0, 3, 1, 4, 6]
path174: [5, 7, 0, 6, 3, 1, 4]
path175: [5, 7, 0, 6, 3, 1, 5]
path176: [5, 7, 2, 4, 6, 1, 5]
path177: [5, 7, 6, 1, 4, 0, 3]
path178: [5, 7, 6, 3, 1, 4, 0]
path179: [6, 1, 5, 2, 4, 0, 6]
path180: [6, 1, 5, 2, 4, 7, 6]
path181: [6, 1, 5, 7, 2, 4, 6]
path182: [6, 1, 7, 2, 4, 0, 3]
path183: [6, 1, 7, 2, 4, 0, 6]
path184: [6, 3, 1, 4, 7, 0, 6]
path185: [6, 3, 1, 5, 2, 4, 6]
path186: [6, 3, 1, 5, 7, 0, 6]
path187: [6, 3, 1, 7, 2, 4, 6]
path188: [6, 4, 0, 3, 1, 7, 2]
path189: [6, 4, 0, 3, 1, 7, 6]
path190: [7, 0, 6, 3, 1, 4, 7]
path191: [7, 0, 6, 3, 1, 5, 7]
path192: [7, 2, 4, 0, 3, 1, 7]
path193: [7, 2, 4, 0, 6, 1, 7]
path194: [7, 2, 4, 6, 1, 5, 3]
path195: [7, 2, 4, 6, 1, 5, 7]
path196: [7, 2, 4, 6, 3, 1, 7]
path197: [7, 6, 1, 5, 2, 4, 7]
path198: [7, 6, 4, 0, 3, 1, 7]
path199: [0, 3, 1, 5, 2, 4, 7, 0]
path200: [0, 3, 1, 5, 2, 4, 7, 6]
path201: [0, 3, 1, 5, 7, 2, 4, 0]
path202: [0, 3, 1, 5, 7, 2, 4, 6]
path203: [0, 3, 1, 5, 7, 6, 4, 0]
path204: [0, 6, 1, 5, 2, 4, 7, 0]
path205: [0, 6, 1, 5, 7, 2, 4, 0]
path206: [0, 6, 3, 1, 5, 2, 4, 0]
path207: [0, 6, 3, 1, 7, 2, 4, 0]
path208: [1, 5, 2, 4, 0, 6, 3, 1]
path209: [1, 5, 2, 4, 7, 0, 3, 1]
path210: [1, 5, 2, 4, 7, 0, 6, 1]
path211: [1, 5, 2, 4, 7, 6, 3, 1]
path212: [1, 5, 7, 2, 4, 0, 3, 1]
path213: [1, 5, 7, 2, 4, 0, 6, 1]
path214: [1, 5, 7, 2, 4, 6, 3, 1]
path215: [1, 5, 7, 6, 4, 0, 3, 1]
path216: [1, 7, 2, 4, 0, 6, 3, 1]
path217: [2, 4, 0, 3, 1, 5, 7, 2]
path218: [2, 4, 0, 3, 1, 5, 7, 6]
path219: [2, 4, 0, 6, 1, 5, 7, 2]
path220: [2, 4, 0, 6, 3, 1, 5, 2]
path221: [2, 4, 0, 6, 3, 1, 7, 2]
path222: [2, 4, 6, 1, 5, 7, 0, 3]
path223: [2, 4, 6, 3, 1, 5, 7, 0]
path224: [2, 4, 6, 3, 1, 5, 7, 2]
path225: [2, 4, 7, 0, 3, 1, 5, 2]
path226: [2, 4, 7, 0, 6, 1, 5, 2]
path227: [2, 4, 7, 0, 6, 1, 5, 3]
path228: [2, 4, 7, 6, 3, 1, 5, 2]
path229: [3, 1, 5, 2, 4, 0, 6, 3]
path230: [3, 1, 5, 2, 4, 7, 0, 3]
path231: [3, 1, 5, 2, 4, 7, 6, 3]
path232: [3, 1, 5, 7, 2, 4, 0, 3]
path233: [3, 1, 5, 7, 2, 4, 6, 3]
path234: [3, 1, 5, 7, 6, 4, 0, 3]
path235: [3, 1, 7, 2, 4, 0, 6, 3]
path236: [4, 0, 3, 1, 5, 7, 2, 4]
path237: [4, 0, 3, 1, 5, 7, 6, 4]
path238: [4, 0, 6, 1, 5, 7, 2, 4]
path239: [4, 0, 6, 3, 1, 5, 2, 4]
path240: [4, 0, 6, 3, 1, 7, 2, 4]
path241: [4, 6, 3, 1, 5, 7, 2, 4]
path242: [4, 7, 0, 3, 1, 5, 2, 4]
path243: [4, 7, 0, 6, 1, 5, 2, 4]
path244: [4, 7, 6, 3, 1, 5, 2, 4]
path245: [5, 2, 4, 0, 3, 1, 7, 6]
path246: [5, 2, 4, 0, 6, 3, 1, 5]
path247: [5, 2, 4, 0, 6, 3, 1, 7]
path248: [5, 2, 4, 6, 1, 7, 0, 3]
path249: [5, 2, 4, 6, 3, 1, 7, 0]
path250: [5, 2, 4, 7, 0, 3, 1, 5]
path251: [5, 2, 4, 7, 0, 6, 1, 5]
path252: [5, 2, 4, 7, 6, 3, 1, 5]
path253: [5, 3, 1, 7, 2, 4, 0, 6]
path254: [5, 7, 2, 4, 0, 3, 1, 5]
path255: [5, 7, 2, 4, 0, 6, 1, 5]
path256: [5, 7, 2, 4, 6, 3, 1, 5]
path257: [5, 7, 6, 4, 0, 3, 1, 5]
path258: [6, 1, 5, 2, 4, 7, 0, 3]
path259: [6, 1, 5, 2, 4, 7, 0, 6]
path260: [6, 1, 5, 7, 2, 4, 0, 3]
path261: [6, 1, 5, 7, 2, 4, 0, 6]
path262: [6, 3, 1, 5, 2, 4, 0, 6]
path263: [6, 3, 1, 5, 2, 4, 7, 6]
path264: [6, 3, 1, 5, 7, 2, 4, 6]
path265: [6, 3, 1, 7, 2, 4, 0, 6]
path266: [6, 4, 0, 3, 1, 5, 7, 2]
path267: [6, 4, 0, 3, 1, 5, 7, 6]
path268: [6, 4, 7, 0, 3, 1, 5, 2]
path269: [7, 0, 3, 1, 5, 2, 4, 6]
path270: [7, 0, 3, 1, 5, 2, 4, 7]
path271: [7, 0, 6, 1, 5, 2, 4, 7]
path272: [7, 2, 4, 0, 3, 1, 5, 7]
path273: [7, 2, 4, 0, 6, 1, 5, 3]
path274: [7, 2, 4, 0, 6, 1, 5, 7]
path275: [7, 2, 4, 0, 6, 3, 1, 7]
path276: [7, 2, 4, 6, 3, 1, 5, 7]
path277: [7, 6, 1, 5, 2, 4, 0, 3]
path278: [7, 6, 3, 1, 5, 2, 4, 0]
path279: [7, 6, 3, 1, 5, 2, 4, 7]
path280: [7, 6, 4, 0, 3, 1, 5, 2]
path281: [7, 6, 4, 0, 3, 1, 5, 7]
path282: [0, 6, 3, 1, 5, 2, 4, 7, 0]
path283: [0, 6, 3, 1, 5, 7, 2, 4, 0]
path284: [1, 5, 2, 4, 7, 0, 6, 3, 1]
path285: [1, 5, 7, 2, 4, 0, 6, 3, 1]
path286: [2, 4, 0, 6, 3, 1, 5, 7, 2]
path287: [2, 4, 7, 0, 6, 3, 1, 5, 2]
path288: [3, 1, 5, 2, 4, 7, 0, 6, 3]
path289: [3, 1, 5, 7, 2, 4, 0, 6, 3]
path290: [4, 0, 6, 3, 1, 5, 7, 2, 4]
path291: [4, 7, 0, 6, 3, 1, 5, 2, 4]
path292: [5, 2, 4, 7, 0, 6, 3, 1, 5]
path293: [5, 7, 2, 4, 0, 6, 3, 1, 5]
path294: [6, 3, 1, 5, 2, 4, 7, 0, 6]
path295: [6, 3, 1, 5, 7, 2, 4, 0, 6]
path296: [7, 0, 6, 3, 1, 5, 2, 4, 7]
path297: [7, 2, 4, 0, 6, 3, 1, 5, 7]
