graph = {
	0, [2, 5]
	1, [0, 3, 4]
	2, [7, 1]
	3, [4]
	4, [0]
	5, [3]
	6, [1, 7]
	7, [2]
}
the number of primePath:29
path1: [2, 7, 2]
path2: [7, 2, 7]
path3: [0, 2, 1, 0]
path4: [1, 0, 2, 1]
path5: [2, 1, 0, 2]
path6: [0, 2, 1, 4, 0]
path7: [0, 5, 3, 4, 0]
path8: [1, 4, 0, 2, 1]
path9: [2, 1, 4, 0, 2]
path10: [3, 4, 0, 5, 3]
path11: [4, 0, 2, 1, 4]
path12: [4, 0, 5, 3, 4]
path13: [5, 3, 4, 0, 5]
path14: [6, 1, 0, 2, 7]
path15: [0, 2, 1, 3, 4, 0]
path16: [1, 3, 4, 0, 2, 1]
path17: [2, 1, 3, 4, 0, 2]
path18: [3, 4, 0, 2, 1, 3]
path19: [4, 0, 2, 1, 3, 4]
path20: [5, 3, 4, 0, 2, 1]
path21: [5, 3, 4, 0, 2, 7]
path22: [6, 1, 0, 5, 3, 4]
path23: [6, 1, 3, 4, 0, 5]
path24: [6, 1, 4, 0, 2, 7]
path25: [6, 1, 4, 0, 5, 3]
path26: [6, 1, 3, 4, 0, 2, 7]
path27: [6, 7, 2, 1, 0, 5, 3, 4]
path28: [6, 7, 2, 1, 3, 4, 0, 5]
path29: [6, 7, 2, 1, 4, 0, 5, 3]
