graph = {
	0, [5, 1, 3]
	1, [5, 3, 7]
	2, [1, 6, 5, 0]
	3, [4, 0, 5, 1]
	4, [6, 0, 5, 2]
	5, [4, 6]
	6, [0, 4, 5, 3]
	7, [6]
}
the number of primePath:717
path1: [0, 3, 0]
path2: [1, 3, 1]
path3: [3, 0, 3]
path4: [3, 1, 3]
path5: [4, 5, 4]
path6: [4, 6, 4]
path7: [5, 4, 5]
path8: [5, 6, 5]
path9: [6, 4, 6]
path10: [6, 5, 6]
path11: [0, 1, 3, 0]
path12: [0, 3, 4, 0]
path13: [0, 5, 4, 0]
path14: [0, 5, 6, 0]
path15: [1, 3, 0, 1]
path16: [2, 5, 4, 2]
path17: [2, 6, 4, 2]
path18: [2, 6, 4, 5]
path19: [3, 0, 1, 3]
path20: [3, 4, 0, 3]
path21: [3, 4, 6, 3]
path22: [3, 5, 6, 3]
path23: [4, 0, 3, 4]
path24: [4, 0, 5, 4]
path25: [4, 2, 5, 4]
path26: [4, 2, 6, 4]
path27: [4, 5, 6, 4]
path28: [4, 6, 3, 4]
path29: [4, 6, 5, 4]
path30: [5, 4, 0, 5]
path31: [5, 4, 2, 5]
path32: [5, 4, 6, 5]
path33: [5, 6, 0, 5]
path34: [5, 6, 3, 5]
path35: [5, 6, 4, 5]
path36: [6, 0, 5, 6]
path37: [6, 3, 4, 6]
path38: [6, 3, 5, 6]
path39: [6, 4, 2, 6]
path40: [6, 4, 5, 6]
path41: [6, 5, 4, 6]
path42: [0, 1, 3, 4, 0]
path43: [0, 1, 5, 4, 0]
path44: [0, 1, 5, 6, 0]
path45: [0, 1, 7, 6, 0]
path46: [0, 3, 4, 2, 0]
path47: [0, 3, 4, 6, 0]
path48: [0, 3, 5, 4, 0]
path49: [0, 3, 5, 6, 0]
path50: [0, 5, 4, 2, 0]
path51: [0, 5, 4, 6, 0]
path52: [0, 5, 6, 3, 0]
path53: [0, 5, 6, 4, 0]
path54: [1, 3, 4, 0, 1]
path55: [1, 3, 4, 2, 1]
path56: [1, 5, 4, 0, 1]
path57: [1, 5, 4, 2, 1]
path58: [1, 5, 6, 0, 1]
path59: [1, 5, 6, 3, 1]
path60: [1, 7, 6, 0, 1]
path61: [1, 7, 6, 3, 1]
path62: [2, 0, 3, 4, 2]
path63: [2, 0, 5, 4, 2]
path64: [2, 1, 3, 4, 2]
path65: [2, 1, 5, 4, 2]
path66: [2, 5, 6, 4, 2]
path67: [2, 6, 3, 4, 2]
path68: [2, 6, 3, 4, 5]
path69: [2, 6, 4, 0, 5]
path70: [2, 6, 5, 4, 2]
path71: [3, 0, 5, 6, 3]
path72: [3, 1, 5, 6, 3]
path73: [3, 1, 7, 6, 3]
path74: [3, 4, 0, 1, 3]
path75: [3, 4, 2, 0, 3]
path76: [3, 4, 2, 1, 3]
path77: [3, 4, 2, 6, 3]
path78: [3, 4, 5, 6, 3]
path79: [3, 4, 6, 0, 3]
path80: [3, 5, 4, 0, 3]
path81: [3, 5, 4, 6, 3]
path82: [3, 5, 6, 0, 3]
path83: [4, 0, 1, 3, 4]
path84: [4, 0, 1, 5, 4]
path85: [4, 0, 3, 5, 4]
path86: [4, 0, 5, 6, 4]
path87: [4, 2, 0, 3, 4]
path88: [4, 2, 0, 5, 4]
path89: [4, 2, 1, 3, 4]
path90: [4, 2, 1, 5, 4]
path91: [4, 2, 5, 6, 4]
path92: [4, 2, 6, 3, 4]
path93: [4, 2, 6, 5, 4]
path94: [4, 5, 6, 3, 4]
path95: [4, 6, 0, 3, 4]
path96: [4, 6, 0, 5, 4]
path97: [4, 6, 3, 5, 4]
path98: [5, 4, 0, 1, 5]
path99: [5, 4, 0, 3, 5]
path100: [5, 4, 2, 0, 5]
path101: [5, 4, 2, 1, 5]
path102: [5, 4, 2, 6, 5]
path103: [5, 4, 6, 0, 5]
path104: [5, 4, 6, 3, 5]
path105: [5, 6, 0, 1, 5]
path106: [5, 6, 0, 3, 5]
path107: [5, 6, 3, 0, 5]
path108: [5, 6, 3, 1, 5]
path109: [5, 6, 3, 4, 5]
path110: [5, 6, 4, 0, 5]
path111: [5, 6, 4, 2, 5]
path112: [6, 0, 1, 5, 6]
path113: [6, 0, 1, 7, 6]
path114: [6, 0, 3, 4, 6]
path115: [6, 0, 3, 5, 6]
path116: [6, 0, 5, 4, 6]
path117: [6, 3, 0, 5, 6]
path118: [6, 3, 1, 5, 6]
path119: [6, 3, 1, 7, 6]
path120: [6, 3, 4, 2, 6]
path121: [6, 3, 4, 5, 6]
path122: [6, 3, 5, 4, 6]
path123: [6, 4, 0, 5, 6]
path124: [6, 4, 2, 5, 6]
path125: [6, 5, 4, 2, 6]
path126: [7, 6, 0, 1, 7]
path127: [7, 6, 3, 1, 7]
path128: [0, 1, 3, 4, 2, 0]
path129: [0, 1, 3, 4, 6, 0]
path130: [0, 1, 3, 5, 4, 0]
path131: [0, 1, 3, 5, 6, 0]
path132: [0, 1, 5, 4, 2, 0]
path133: [0, 1, 5, 4, 6, 0]
path134: [0, 1, 5, 6, 3, 0]
path135: [0, 1, 5, 6, 4, 0]
path136: [0, 1, 7, 6, 3, 0]
path137: [0, 1, 7, 6, 4, 0]
path138: [0, 3, 1, 5, 4, 0]
path139: [0, 3, 1, 5, 6, 0]
path140: [0, 3, 1, 7, 6, 0]
path141: [0, 3, 4, 2, 6, 0]
path142: [0, 3, 4, 2, 6, 5]
path143: [0, 3, 4, 5, 6, 0]
path144: [0, 3, 5, 4, 2, 0]
path145: [0, 3, 5, 4, 6, 0]
path146: [0, 3, 5, 6, 4, 0]
path147: [0, 5, 4, 2, 6, 0]
path148: [0, 5, 4, 6, 3, 0]
path149: [0, 5, 6, 3, 4, 0]
path150: [0, 5, 6, 4, 2, 0]
path151: [1, 3, 4, 2, 0, 1]
path152: [1, 3, 4, 6, 0, 1]
path153: [1, 3, 5, 4, 0, 1]
path154: [1, 3, 5, 4, 2, 1]
path155: [1, 3, 5, 6, 0, 1]
path156: [1, 5, 4, 0, 3, 1]
path157: [1, 5, 4, 2, 0, 1]
path158: [1, 5, 4, 6, 0, 1]
path159: [1, 5, 4, 6, 3, 1]
path160: [1, 5, 6, 0, 3, 1]
path161: [1, 5, 6, 3, 0, 1]
path162: [1, 5, 6, 4, 0, 1]
path163: [1, 5, 6, 4, 2, 1]
path164: [1, 7, 6, 0, 3, 1]
path165: [1, 7, 6, 3, 0, 1]
path166: [1, 7, 6, 4, 0, 1]
path167: [1, 7, 6, 4, 2, 1]
path168: [2, 0, 1, 3, 4, 2]
path169: [2, 0, 1, 5, 4, 2]
path170: [2, 0, 3, 4, 5, 6]
path171: [2, 0, 3, 4, 6, 5]
path172: [2, 0, 3, 5, 4, 2]
path173: [2, 0, 3, 5, 4, 6]
path174: [2, 0, 5, 6, 4, 2]
path175: [2, 1, 3, 4, 6, 5]
path176: [2, 1, 3, 5, 4, 0]
path177: [2, 1, 3, 5, 4, 2]
path178: [2, 1, 5, 4, 0, 3]
path179: [2, 1, 5, 6, 4, 2]
path180: [2, 1, 7, 6, 4, 2]
path181: [2, 1, 7, 6, 4, 5]
path182: [2, 5, 4, 0, 1, 3]
path183: [2, 5, 6, 3, 4, 2]
path184: [2, 6, 0, 3, 4, 2]
path185: [2, 6, 0, 3, 4, 5]
path186: [2, 6, 0, 5, 4, 2]
path187: [2, 6, 3, 4, 0, 5]
path188: [2, 6, 3, 5, 4, 2]
path189: [2, 6, 4, 0, 1, 5]
path190: [2, 6, 4, 0, 1, 7]
path191: [2, 6, 4, 0, 3, 5]
path192: [3, 0, 1, 5, 6, 3]
path193: [3, 0, 1, 7, 6, 3]
path194: [3, 0, 5, 4, 6, 3]
path195: [3, 1, 5, 4, 0, 3]
path196: [3, 1, 5, 4, 6, 3]
path197: [3, 1, 5, 6, 0, 3]
path198: [3, 1, 7, 6, 0, 3]
path199: [3, 4, 0, 5, 6, 3]
path200: [3, 4, 2, 0, 1, 3]
path201: [3, 4, 2, 5, 6, 3]
path202: [3, 4, 2, 6, 0, 3]
path203: [3, 4, 5, 6, 0, 3]
path204: [3, 4, 6, 0, 1, 3]
path205: [3, 4, 6, 0, 1, 5]
path206: [3, 4, 6, 0, 1, 7]
path207: [3, 5, 4, 0, 1, 3]
path208: [3, 5, 4, 2, 0, 3]
path209: [3, 5, 4, 2, 1, 3]
path210: [3, 5, 4, 2, 6, 3]
path211: [3, 5, 4, 6, 0, 3]
path212: [3, 5, 6, 0, 1, 3]
path213: [3, 5, 6, 0, 1, 7]
path214: [3, 5, 6, 4, 0, 3]
path215: [4, 0, 1, 3, 5, 4]
path216: [4, 0, 1, 5, 6, 4]
path217: [4, 0, 1, 7, 6, 4]
path218: [4, 0, 3, 1, 5, 4]
path219: [4, 0, 3, 5, 6, 4]
path220: [4, 0, 5, 6, 3, 4]
path221: [4, 2, 0, 1, 3, 4]
path222: [4, 2, 0, 1, 5, 4]
path223: [4, 2, 0, 3, 5, 4]
path224: [4, 2, 0, 5, 6, 4]
path225: [4, 2, 1, 3, 5, 4]
path226: [4, 2, 1, 5, 6, 4]
path227: [4, 2, 1, 7, 6, 4]
path228: [4, 2, 5, 6, 3, 4]
path229: [4, 2, 6, 0, 3, 4]
path230: [4, 2, 6, 0, 5, 4]
path231: [4, 2, 6, 3, 5, 4]
path232: [4, 5, 6, 0, 3, 4]
path233: [4, 5, 6, 3, 1, 7]
path234: [4, 6, 0, 1, 3, 4]
path235: [4, 6, 0, 1, 5, 4]
path236: [4, 6, 0, 3, 5, 4]
path237: [4, 6, 3, 0, 5, 4]
path238: [4, 6, 3, 1, 5, 4]
path239: [5, 4, 0, 1, 3, 5]
path240: [5, 4, 0, 3, 1, 5]
path241: [5, 4, 2, 0, 1, 5]
path242: [5, 4, 2, 0, 3, 5]
path243: [5, 4, 2, 1, 3, 5]
path244: [5, 4, 2, 6, 0, 5]
path245: [5, 4, 2, 6, 3, 5]
path246: [5, 4, 6, 0, 1, 5]
path247: [5, 4, 6, 0, 3, 5]
path248: [5, 4, 6, 3, 0, 5]
path249: [5, 4, 6, 3, 1, 5]
path250: [5, 6, 0, 1, 3, 5]
path251: [5, 6, 0, 3, 1, 5]
path252: [5, 6, 0, 3, 4, 5]
path253: [5, 6, 3, 0, 1, 5]
path254: [5, 6, 3, 4, 0, 5]
path255: [5, 6, 3, 4, 2, 5]
path256: [5, 6, 4, 0, 1, 5]
path257: [5, 6, 4, 0, 3, 5]
path258: [5, 6, 4, 2, 0, 5]
path259: [5, 6, 4, 2, 1, 5]
path260: [6, 0, 1, 3, 4, 6]
path261: [6, 0, 1, 3, 5, 6]
path262: [6, 0, 1, 5, 4, 6]
path263: [6, 0, 3, 1, 5, 6]
path264: [6, 0, 3, 1, 7, 6]
path265: [6, 0, 3, 4, 2, 6]
path266: [6, 0, 3, 4, 5, 6]
path267: [6, 0, 3, 5, 4, 6]
path268: [6, 0, 5, 4, 2, 6]
path269: [6, 3, 0, 1, 5, 6]
path270: [6, 3, 0, 1, 7, 6]
path271: [6, 3, 0, 5, 4, 6]
path272: [6, 3, 1, 5, 4, 6]
path273: [6, 3, 4, 0, 5, 6]
path274: [6, 3, 4, 2, 5, 6]
path275: [6, 3, 5, 4, 2, 6]
path276: [6, 4, 0, 1, 5, 6]
path277: [6, 4, 0, 1, 7, 6]
path278: [6, 4, 0, 3, 5, 6]
path279: [6, 4, 2, 0, 5, 6]
path280: [6, 4, 2, 1, 5, 6]
path281: [6, 4, 2, 1, 7, 6]
path282: [7, 6, 0, 3, 1, 7]
path283: [7, 6, 3, 0, 1, 7]
path284: [7, 6, 4, 0, 1, 5]
path285: [7, 6, 4, 0, 1, 7]
path286: [7, 6, 4, 2, 1, 5]
path287: [7, 6, 4, 2, 1, 7]
path288: [0, 1, 3, 4, 2, 6, 0]
path289: [0, 1, 3, 4, 2, 6, 5]
path290: [0, 1, 3, 4, 5, 6, 0]
path291: [0, 1, 3, 5, 4, 2, 0]
path292: [0, 1, 3, 5, 4, 6, 0]
path293: [0, 1, 3, 5, 6, 4, 0]
path294: [0, 1, 5, 4, 2, 6, 0]
path295: [0, 1, 5, 4, 6, 3, 0]
path296: [0, 1, 5, 6, 3, 4, 0]
path297: [0, 1, 5, 6, 4, 2, 0]
path298: [0, 1, 7, 6, 3, 4, 0]
path299: [0, 1, 7, 6, 4, 2, 0]
path300: [0, 1, 7, 6, 5, 4, 0]
path301: [0, 3, 1, 5, 4, 2, 0]
path302: [0, 3, 1, 5, 4, 6, 0]
path303: [0, 3, 1, 5, 6, 4, 0]
path304: [0, 3, 1, 7, 6, 4, 0]
path305: [0, 3, 4, 2, 5, 6, 0]
path306: [0, 3, 5, 4, 2, 6, 0]
path307: [0, 3, 5, 6, 4, 2, 0]
path308: [0, 5, 4, 2, 1, 3, 0]
path309: [0, 5, 4, 2, 6, 3, 0]
path310: [0, 5, 6, 3, 4, 2, 0]
path311: [1, 3, 0, 5, 4, 2, 1]
path312: [1, 3, 0, 5, 4, 2, 6]
path313: [1, 3, 4, 2, 0, 5, 6]
path314: [1, 3, 4, 2, 6, 0, 1]
path315: [1, 3, 4, 2, 6, 0, 5]
path316: [1, 3, 4, 5, 6, 0, 1]
path317: [1, 3, 5, 4, 2, 0, 1]
path318: [1, 3, 5, 4, 6, 0, 1]
path319: [1, 3, 5, 6, 4, 0, 1]
path320: [1, 3, 5, 6, 4, 2, 1]
path321: [1, 5, 4, 2, 0, 3, 1]
path322: [1, 5, 4, 2, 6, 0, 1]
path323: [1, 5, 4, 2, 6, 3, 1]
path324: [1, 5, 4, 6, 0, 3, 1]
path325: [1, 5, 4, 6, 3, 0, 1]
path326: [1, 5, 6, 3, 4, 0, 1]
path327: [1, 5, 6, 3, 4, 2, 1]
path328: [1, 5, 6, 4, 0, 3, 1]
path329: [1, 5, 6, 4, 2, 0, 1]
path330: [1, 7, 6, 3, 4, 0, 1]
path331: [1, 7, 6, 3, 4, 2, 1]
path332: [1, 7, 6, 4, 0, 3, 1]
path333: [1, 7, 6, 4, 2, 0, 1]
path334: [1, 7, 6, 5, 4, 0, 1]
path335: [1, 7, 6, 5, 4, 2, 1]
path336: [2, 0, 1, 3, 4, 5, 6]
path337: [2, 0, 1, 3, 4, 6, 5]
path338: [2, 0, 1, 3, 5, 4, 2]
path339: [2, 0, 1, 3, 5, 4, 6]
path340: [2, 0, 1, 5, 4, 6, 3]
path341: [2, 0, 1, 5, 6, 4, 2]
path342: [2, 0, 1, 7, 6, 4, 2]
path343: [2, 0, 1, 7, 6, 4, 5]
path344: [2, 0, 3, 1, 5, 4, 2]
path345: [2, 0, 3, 1, 5, 4, 6]
path346: [2, 0, 3, 5, 6, 4, 2]
path347: [2, 0, 5, 6, 3, 4, 2]
path348: [2, 1, 3, 0, 5, 4, 2]
path349: [2, 1, 3, 0, 5, 4, 6]
path350: [2, 1, 3, 4, 0, 5, 6]
path351: [2, 1, 3, 4, 5, 6, 0]
path352: [2, 1, 3, 4, 6, 0, 5]
path353: [2, 1, 3, 5, 4, 6, 0]
path354: [2, 1, 3, 5, 6, 4, 0]
path355: [2, 1, 3, 5, 6, 4, 2]
path356: [2, 1, 5, 4, 6, 0, 3]
path357: [2, 1, 5, 4, 6, 3, 0]
path358: [2, 1, 5, 6, 3, 4, 0]
path359: [2, 1, 5, 6, 3, 4, 2]
path360: [2, 1, 5, 6, 4, 0, 3]
path361: [2, 1, 7, 6, 3, 4, 2]
path362: [2, 1, 7, 6, 3, 4, 5]
path363: [2, 1, 7, 6, 4, 0, 5]
path364: [2, 1, 7, 6, 5, 4, 2]
path365: [2, 5, 4, 6, 0, 1, 3]
path366: [2, 5, 4, 6, 0, 1, 7]
path367: [2, 5, 4, 6, 3, 1, 7]
path368: [2, 5, 6, 0, 3, 4, 2]
path369: [2, 5, 6, 4, 0, 1, 3]
path370: [2, 5, 6, 4, 0, 1, 7]
path371: [2, 6, 0, 1, 3, 4, 2]
path372: [2, 6, 0, 1, 3, 4, 5]
path373: [2, 6, 0, 1, 5, 4, 2]
path374: [2, 6, 0, 3, 5, 4, 2]
path375: [2, 6, 3, 0, 5, 4, 2]
path376: [2, 6, 3, 1, 5, 4, 0]
path377: [2, 6, 3, 1, 5, 4, 2]
path378: [2, 6, 3, 4, 0, 1, 5]
path379: [2, 6, 3, 4, 0, 1, 7]
path380: [2, 6, 4, 0, 1, 3, 5]
path381: [2, 6, 4, 0, 3, 1, 5]
path382: [2, 6, 4, 0, 3, 1, 7]
path383: [2, 6, 5, 4, 0, 1, 3]
path384: [2, 6, 5, 4, 0, 1, 7]
path385: [3, 0, 1, 5, 4, 6, 3]
path386: [3, 0, 1, 5, 6, 4, 2]
path387: [3, 0, 1, 7, 6, 4, 5]
path388: [3, 0, 5, 4, 2, 1, 3]
path389: [3, 0, 5, 4, 2, 6, 3]
path390: [3, 1, 5, 4, 2, 0, 3]
path391: [3, 1, 5, 4, 2, 6, 3]
path392: [3, 1, 5, 4, 6, 0, 3]
path393: [3, 1, 5, 6, 4, 0, 3]
path394: [3, 1, 7, 6, 4, 0, 3]
path395: [3, 1, 7, 6, 4, 0, 5]
path396: [3, 4, 0, 1, 5, 6, 3]
path397: [3, 4, 0, 1, 7, 6, 3]
path398: [3, 4, 0, 1, 7, 6, 5]
path399: [3, 4, 2, 0, 5, 6, 3]
path400: [3, 4, 2, 1, 5, 6, 3]
path401: [3, 4, 2, 1, 7, 6, 3]
path402: [3, 4, 2, 5, 6, 0, 3]
path403: [3, 4, 2, 6, 0, 1, 3]
path404: [3, 4, 2, 6, 0, 1, 5]
path405: [3, 4, 2, 6, 0, 1, 7]
path406: [3, 4, 5, 6, 0, 1, 3]
path407: [3, 4, 5, 6, 0, 1, 7]
path408: [3, 5, 4, 2, 0, 1, 3]
path409: [3, 5, 4, 2, 6, 0, 3]
path410: [3, 5, 4, 6, 0, 1, 3]
path411: [3, 5, 4, 6, 0, 1, 7]
path412: [3, 5, 6, 4, 0, 1, 3]
path413: [3, 5, 6, 4, 0, 1, 7]
path414: [3, 5, 6, 4, 2, 0, 3]
path415: [3, 5, 6, 4, 2, 1, 3]
path416: [4, 0, 1, 3, 5, 6, 4]
path417: [4, 0, 1, 5, 6, 3, 4]
path418: [4, 0, 1, 7, 6, 3, 4]
path419: [4, 0, 1, 7, 6, 5, 4]
path420: [4, 0, 3, 1, 5, 6, 4]
path421: [4, 0, 3, 1, 7, 6, 4]
path422: [4, 0, 5, 6, 3, 1, 7]
path423: [4, 2, 0, 1, 3, 5, 4]
path424: [4, 2, 0, 1, 5, 6, 4]
path425: [4, 2, 0, 1, 7, 6, 4]
path426: [4, 2, 0, 3, 1, 5, 4]
path427: [4, 2, 0, 3, 5, 6, 4]
path428: [4, 2, 0, 5, 6, 3, 4]
path429: [4, 2, 1, 3, 0, 5, 4]
path430: [4, 2, 1, 3, 5, 6, 0]
path431: [4, 2, 1, 3, 5, 6, 4]
path432: [4, 2, 1, 5, 6, 3, 0]
path433: [4, 2, 1, 5, 6, 3, 4]
path434: [4, 2, 1, 7, 6, 3, 4]
path435: [4, 2, 1, 7, 6, 5, 4]
path436: [4, 2, 5, 6, 0, 3, 4]
path437: [4, 2, 5, 6, 3, 1, 7]
path438: [4, 2, 6, 0, 1, 3, 4]
path439: [4, 2, 6, 0, 1, 5, 4]
path440: [4, 2, 6, 0, 3, 5, 4]
path441: [4, 2, 6, 3, 0, 5, 4]
path442: [4, 2, 6, 3, 1, 5, 4]
path443: [4, 5, 6, 0, 1, 3, 4]
path444: [4, 5, 6, 0, 3, 1, 7]
path445: [4, 5, 6, 3, 0, 1, 7]
path446: [4, 6, 0, 1, 3, 5, 4]
path447: [4, 6, 0, 3, 1, 5, 4]
path448: [4, 6, 3, 0, 1, 5, 4]
path449: [5, 4, 0, 1, 7, 6, 5]
path450: [5, 4, 2, 0, 1, 3, 5]
path451: [5, 4, 2, 0, 3, 1, 5]
path452: [5, 4, 2, 1, 3, 0, 5]
path453: [5, 4, 2, 1, 7, 6, 5]
path454: [5, 4, 2, 6, 0, 1, 5]
path455: [5, 4, 2, 6, 0, 3, 5]
path456: [5, 4, 2, 6, 3, 0, 5]
path457: [5, 4, 2, 6, 3, 1, 5]
path458: [5, 4, 6, 0, 1, 3, 5]
path459: [5, 4, 6, 0, 3, 1, 5]
path460: [5, 4, 6, 3, 0, 1, 5]
path461: [5, 6, 0, 1, 3, 4, 5]
path462: [5, 6, 0, 3, 4, 2, 5]
path463: [5, 6, 3, 4, 0, 1, 5]
path464: [5, 6, 3, 4, 2, 0, 5]
path465: [5, 6, 3, 4, 2, 1, 5]
path466: [5, 6, 4, 0, 1, 3, 5]
path467: [5, 6, 4, 0, 3, 1, 5]
path468: [5, 6, 4, 2, 0, 1, 5]
path469: [5, 6, 4, 2, 0, 3, 5]
path470: [5, 6, 4, 2, 1, 3, 5]
path471: [6, 0, 1, 3, 4, 2, 6]
path472: [6, 0, 1, 3, 4, 5, 6]
path473: [6, 0, 1, 3, 5, 4, 6]
path474: [6, 0, 1, 5, 4, 2, 6]
path475: [6, 0, 3, 1, 5, 4, 6]
path476: [6, 0, 3, 4, 2, 5, 6]
path477: [6, 0, 3, 5, 4, 2, 6]
path478: [6, 3, 0, 1, 5, 4, 6]
path479: [6, 3, 0, 5, 4, 2, 6]
path480: [6, 3, 1, 5, 4, 2, 6]
path481: [6, 3, 4, 0, 1, 5, 6]
path482: [6, 3, 4, 0, 1, 7, 6]
path483: [6, 3, 4, 2, 0, 5, 6]
path484: [6, 3, 4, 2, 1, 5, 6]
path485: [6, 3, 4, 2, 1, 7, 6]
path486: [6, 4, 0, 1, 3, 5, 6]
path487: [6, 4, 0, 3, 1, 5, 6]
path488: [6, 4, 0, 3, 1, 7, 6]
path489: [6, 4, 2, 0, 1, 5, 6]
path490: [6, 4, 2, 0, 1, 7, 6]
path491: [6, 4, 2, 0, 3, 5, 6]
path492: [6, 4, 2, 1, 3, 5, 6]
path493: [6, 5, 4, 0, 1, 7, 6]
path494: [6, 5, 4, 2, 1, 7, 6]
path495: [7, 6, 0, 1, 3, 4, 5]
path496: [7, 6, 0, 1, 5, 4, 2]
path497: [7, 6, 3, 1, 5, 4, 0]
path498: [7, 6, 3, 4, 0, 1, 5]
path499: [7, 6, 3, 4, 0, 1, 7]
path500: [7, 6, 3, 4, 2, 1, 5]
path501: [7, 6, 3, 4, 2, 1, 7]
path502: [7, 6, 4, 0, 1, 3, 5]
path503: [7, 6, 4, 0, 3, 1, 5]
path504: [7, 6, 4, 0, 3, 1, 7]
path505: [7, 6, 4, 2, 0, 1, 5]
path506: [7, 6, 4, 2, 0, 1, 7]
path507: [7, 6, 4, 2, 1, 3, 5]
path508: [7, 6, 5, 4, 0, 1, 3]
path509: [7, 6, 5, 4, 0, 1, 7]
path510: [7, 6, 5, 4, 2, 1, 7]
path511: [0, 1, 3, 4, 2, 5, 6, 0]
path512: [0, 1, 3, 5, 4, 2, 6, 0]
path513: [0, 1, 3, 5, 6, 4, 2, 0]
path514: [0, 1, 5, 4, 2, 6, 3, 0]
path515: [0, 1, 5, 6, 3, 4, 2, 0]
path516: [0, 1, 7, 6, 3, 4, 2, 0]
path517: [0, 1, 7, 6, 3, 4, 2, 5]
path518: [0, 1, 7, 6, 3, 5, 4, 0]
path519: [0, 1, 7, 6, 5, 4, 2, 0]
path520: [0, 3, 1, 5, 4, 2, 6, 0]
path521: [0, 3, 1, 5, 6, 4, 2, 0]
path522: [0, 3, 1, 7, 6, 4, 2, 0]
path523: [0, 3, 1, 7, 6, 4, 2, 5]
path524: [0, 3, 1, 7, 6, 5, 4, 0]
path525: [0, 3, 4, 2, 1, 5, 6, 0]
path526: [0, 3, 4, 2, 1, 7, 6, 0]
path527: [0, 3, 4, 2, 1, 7, 6, 5]
path528: [0, 3, 5, 6, 4, 2, 1, 7]
path529: [0, 5, 4, 2, 1, 7, 6, 0]
path530: [0, 5, 4, 2, 6, 3, 1, 7]
path531: [0, 5, 6, 3, 4, 2, 1, 7]
path532: [0, 5, 6, 4, 2, 1, 3, 0]
path533: [1, 3, 0, 5, 6, 4, 2, 1]
path534: [1, 3, 4, 2, 5, 6, 0, 1]
path535: [1, 3, 5, 4, 2, 6, 0, 1]
path536: [1, 3, 5, 6, 4, 2, 0, 1]
path537: [1, 5, 4, 2, 6, 0, 3, 1]
path538: [1, 5, 4, 2, 6, 3, 0, 1]
path539: [1, 5, 6, 0, 3, 4, 2, 1]
path540: [1, 5, 6, 3, 4, 2, 0, 1]
path541: [1, 5, 6, 4, 2, 0, 3, 1]
path542: [1, 7, 6, 0, 3, 4, 2, 1]
path543: [1, 7, 6, 0, 3, 4, 2, 5]
path544: [1, 7, 6, 0, 5, 4, 2, 1]
path545: [1, 7, 6, 3, 4, 2, 0, 1]
path546: [1, 7, 6, 3, 4, 2, 0, 5]
path547: [1, 7, 6, 3, 5, 4, 0, 1]
path548: [1, 7, 6, 3, 5, 4, 2, 1]
path549: [1, 7, 6, 4, 2, 0, 3, 1]
path550: [1, 7, 6, 4, 2, 0, 3, 5]
path551: [1, 7, 6, 5, 4, 0, 3, 1]
path552: [1, 7, 6, 5, 4, 2, 0, 1]
path553: [2, 0, 1, 3, 5, 6, 4, 2]
path554: [2, 0, 1, 5, 6, 3, 4, 2]
path555: [2, 0, 1, 7, 6, 3, 4, 2]
path556: [2, 0, 1, 7, 6, 3, 4, 5]
path557: [2, 0, 1, 7, 6, 5, 4, 2]
path558: [2, 0, 3, 1, 5, 6, 4, 2]
path559: [2, 0, 3, 1, 7, 6, 4, 2]
path560: [2, 0, 3, 1, 7, 6, 4, 5]
path561: [2, 0, 5, 4, 6, 3, 1, 7]
path562: [2, 1, 3, 0, 5, 6, 4, 2]
path563: [2, 1, 5, 6, 0, 3, 4, 2]
path564: [2, 1, 7, 6, 0, 3, 4, 2]
path565: [2, 1, 7, 6, 0, 3, 4, 5]
path566: [2, 1, 7, 6, 0, 5, 4, 2]
path567: [2, 1, 7, 6, 3, 4, 0, 5]
path568: [2, 1, 7, 6, 3, 5, 4, 0]
path569: [2, 1, 7, 6, 3, 5, 4, 2]
path570: [2, 1, 7, 6, 4, 0, 3, 5]
path571: [2, 1, 7, 6, 5, 4, 0, 3]
path572: [2, 5, 4, 0, 1, 7, 6, 3]
path573: [2, 5, 4, 0, 3, 1, 7, 6]
path574: [2, 5, 4, 6, 0, 3, 1, 7]
path575: [2, 5, 4, 6, 3, 0, 1, 7]
path576: [2, 5, 6, 0, 1, 3, 4, 2]
path577: [2, 5, 6, 3, 4, 0, 1, 7]
path578: [2, 5, 6, 4, 0, 3, 1, 7]
path579: [2, 6, 0, 1, 3, 5, 4, 2]
path580: [2, 6, 0, 3, 1, 5, 4, 2]
path581: [2, 6, 3, 0, 1, 5, 4, 2]
path582: [2, 6, 3, 5, 4, 0, 1, 7]
path583: [2, 6, 5, 4, 0, 3, 1, 7]
path584: [3, 0, 1, 5, 4, 2, 6, 3]
path585: [3, 0, 1, 7, 6, 4, 2, 5]
path586: [3, 0, 1, 7, 6, 5, 4, 2]
path587: [3, 0, 5, 6, 4, 2, 1, 3]
path588: [3, 0, 5, 6, 4, 2, 1, 7]
path589: [3, 1, 5, 4, 2, 6, 0, 3]
path590: [3, 1, 5, 6, 4, 2, 0, 3]
path591: [3, 1, 7, 6, 0, 5, 4, 2]
path592: [3, 1, 7, 6, 4, 2, 0, 3]
path593: [3, 1, 7, 6, 4, 2, 0, 5]
path594: [3, 1, 7, 6, 5, 4, 0, 3]
path595: [3, 4, 2, 0, 1, 5, 6, 3]
path596: [3, 4, 2, 0, 1, 7, 6, 3]
path597: [3, 4, 2, 0, 1, 7, 6, 5]
path598: [3, 4, 2, 1, 5, 6, 0, 3]
path599: [3, 4, 2, 1, 7, 6, 0, 3]
path600: [3, 4, 2, 1, 7, 6, 0, 5]
path601: [3, 4, 2, 5, 6, 0, 1, 3]
path602: [3, 4, 2, 5, 6, 0, 1, 7]
path603: [3, 5, 4, 0, 1, 7, 6, 3]
path604: [3, 5, 4, 2, 1, 7, 6, 3]
path605: [3, 5, 4, 2, 6, 0, 1, 3]
path606: [3, 5, 4, 2, 6, 0, 1, 7]
path607: [3, 5, 6, 4, 2, 0, 1, 3]
path608: [3, 5, 6, 4, 2, 0, 1, 7]
path609: [4, 0, 1, 7, 6, 3, 5, 4]
path610: [4, 0, 3, 1, 7, 6, 5, 4]
path611: [4, 2, 0, 1, 3, 5, 6, 4]
path612: [4, 2, 0, 1, 5, 6, 3, 4]
path613: [4, 2, 0, 1, 7, 6, 3, 4]
path614: [4, 2, 0, 1, 7, 6, 5, 4]
path615: [4, 2, 0, 3, 1, 5, 6, 4]
path616: [4, 2, 0, 3, 1, 7, 6, 4]
path617: [4, 2, 0, 5, 6, 3, 1, 7]
path618: [4, 2, 1, 3, 0, 5, 6, 4]
path619: [4, 2, 1, 5, 6, 0, 3, 4]
path620: [4, 2, 1, 7, 6, 0, 3, 4]
path621: [4, 2, 1, 7, 6, 0, 5, 4]
path622: [4, 2, 1, 7, 6, 3, 5, 4]
path623: [4, 2, 5, 6, 0, 1, 3, 4]
path624: [4, 2, 5, 6, 0, 3, 1, 7]
path625: [4, 2, 5, 6, 3, 0, 1, 7]
path626: [4, 2, 6, 0, 1, 3, 5, 4]
path627: [4, 2, 6, 0, 3, 1, 5, 4]
path628: [4, 2, 6, 3, 0, 1, 5, 4]
path629: [5, 4, 0, 1, 7, 6, 3, 5]
path630: [5, 4, 0, 3, 1, 7, 6, 5]
path631: [5, 4, 2, 0, 1, 7, 6, 5]
path632: [5, 4, 2, 1, 7, 6, 0, 5]
path633: [5, 4, 2, 1, 7, 6, 3, 5]
path634: [5, 4, 2, 6, 0, 1, 3, 5]
path635: [5, 4, 2, 6, 0, 3, 1, 5]
path636: [5, 4, 2, 6, 0, 3, 1, 7]
path637: [5, 4, 2, 6, 3, 0, 1, 5]
path638: [5, 4, 2, 6, 3, 0, 1, 7]
path639: [5, 6, 0, 1, 3, 4, 2, 5]
path640: [5, 6, 0, 3, 4, 2, 1, 5]
path641: [5, 6, 0, 3, 4, 2, 1, 7]
path642: [5, 6, 3, 4, 2, 0, 1, 5]
path643: [5, 6, 3, 4, 2, 0, 1, 7]
path644: [5, 6, 4, 2, 0, 1, 3, 5]
path645: [5, 6, 4, 2, 0, 3, 1, 5]
path646: [5, 6, 4, 2, 0, 3, 1, 7]
path647: [5, 6, 4, 2, 1, 3, 0, 5]
path648: [6, 0, 1, 3, 4, 2, 5, 6]
path649: [6, 0, 1, 3, 5, 4, 2, 6]
path650: [6, 0, 3, 1, 5, 4, 2, 6]
path651: [6, 0, 3, 4, 2, 1, 5, 6]
path652: [6, 0, 3, 4, 2, 1, 7, 6]
path653: [6, 0, 5, 4, 2, 1, 7, 6]
path654: [6, 3, 0, 1, 5, 4, 2, 6]
path655: [6, 3, 4, 2, 0, 1, 5, 6]
path656: [6, 3, 4, 2, 0, 1, 7, 6]
path657: [6, 3, 5, 4, 0, 1, 7, 6]
path658: [6, 3, 5, 4, 2, 1, 7, 6]
path659: [6, 4, 2, 0, 1, 3, 5, 6]
path660: [6, 4, 2, 0, 3, 1, 5, 6]
path661: [6, 4, 2, 0, 3, 1, 7, 6]
path662: [6, 4, 2, 1, 3, 0, 5, 6]
path663: [6, 5, 4, 0, 3, 1, 7, 6]
path664: [6, 5, 4, 2, 0, 1, 7, 6]
path665: [7, 6, 0, 1, 3, 4, 2, 5]
path666: [7, 6, 0, 1, 3, 5, 4, 2]
path667: [7, 6, 0, 3, 1, 5, 4, 2]
path668: [7, 6, 0, 3, 4, 2, 1, 5]
path669: [7, 6, 0, 3, 4, 2, 1, 7]
path670: [7, 6, 0, 5, 4, 2, 1, 3]
path671: [7, 6, 0, 5, 4, 2, 1, 7]
path672: [7, 6, 3, 0, 1, 5, 4, 2]
path673: [7, 6, 3, 1, 5, 4, 2, 0]
path674: [7, 6, 3, 4, 2, 0, 1, 5]
path675: [7, 6, 3, 4, 2, 0, 1, 7]
path676: [7, 6, 3, 5, 4, 0, 1, 7]
path677: [7, 6, 3, 5, 4, 2, 1, 7]
path678: [7, 6, 4, 2, 0, 1, 3, 5]
path679: [7, 6, 4, 2, 0, 3, 1, 5]
path680: [7, 6, 4, 2, 0, 3, 1, 7]
path681: [7, 6, 4, 2, 1, 3, 0, 5]
path682: [7, 6, 5, 4, 0, 3, 1, 7]
path683: [7, 6, 5, 4, 2, 0, 1, 3]
path684: [7, 6, 5, 4, 2, 0, 1, 7]
path685: [7, 6, 5, 4, 2, 1, 3, 0]
path686: [0, 1, 7, 6, 3, 5, 4, 2, 0]
path687: [0, 3, 1, 7, 6, 5, 4, 2, 0]
path688: [0, 3, 5, 4, 2, 1, 7, 6, 0]
path689: [0, 5, 4, 2, 1, 7, 6, 3, 0]
path690: [1, 7, 6, 0, 3, 5, 4, 2, 1]
path691: [1, 7, 6, 3, 0, 5, 4, 2, 1]
path692: [1, 7, 6, 3, 5, 4, 2, 0, 1]
path693: [1, 7, 6, 5, 4, 2, 0, 3, 1]
path694: [2, 0, 1, 7, 6, 3, 5, 4, 2]
path695: [2, 0, 3, 1, 7, 6, 5, 4, 2]
path696: [2, 1, 7, 6, 0, 3, 5, 4, 2]
path697: [2, 1, 7, 6, 3, 0, 5, 4, 2]
path698: [3, 0, 5, 4, 2, 1, 7, 6, 3]
path699: [3, 1, 7, 6, 5, 4, 2, 0, 3]
path700: [3, 5, 4, 2, 0, 1, 7, 6, 3]
path701: [3, 5, 4, 2, 1, 7, 6, 0, 3]
path702: [4, 2, 0, 1, 7, 6, 3, 5, 4]
path703: [4, 2, 0, 3, 1, 7, 6, 5, 4]
path704: [4, 2, 1, 7, 6, 0, 3, 5, 4]
path705: [4, 2, 1, 7, 6, 3, 0, 5, 4]
path706: [5, 4, 2, 0, 1, 7, 6, 3, 5]
path707: [5, 4, 2, 0, 3, 1, 7, 6, 5]
path708: [5, 4, 2, 1, 7, 6, 0, 3, 5]
path709: [5, 4, 2, 1, 7, 6, 3, 0, 5]
path710: [6, 0, 3, 5, 4, 2, 1, 7, 6]
path711: [6, 3, 0, 5, 4, 2, 1, 7, 6]
path712: [6, 3, 5, 4, 2, 0, 1, 7, 6]
path713: [6, 5, 4, 2, 0, 3, 1, 7, 6]
path714: [7, 6, 0, 3, 5, 4, 2, 1, 7]
path715: [7, 6, 3, 0, 5, 4, 2, 1, 7]
path716: [7, 6, 3, 5, 4, 2, 0, 1, 7]
path717: [7, 6, 5, 4, 2, 0, 3, 1, 7]
