graph = {
	0, [6, 1, 9, 7]
	1, [4, 7, 6, 0, 3]
	2, [5, 4, 7, 9, 0]
	3, [9, 7, 8, 5, 6, 4]
	4, [9, 5]
	5, [4, 6]
	6, [5, 2, 9]
	7, [1, 2, 4, 5]
	8, [4, 2, 9]
	9, []
}
the number of primePath:457
path1: [0, 1, 0]
path2: [1, 0, 1]
path3: [1, 7, 1]
path4: [2, 7, 2]
path5: [4, 5, 4]
path6: [5, 4, 5]
path7: [5, 6, 5]
path8: [6, 5, 6]
path9: [7, 1, 7]
path10: [7, 2, 7]
path11: [0, 6, 2, 0]
path12: [0, 7, 1, 0]
path13: [0, 7, 2, 0]
path14: [1, 0, 7, 1]
path15: [1, 3, 7, 1]
path16: [2, 0, 6, 2]
path17: [2, 0, 7, 2]
path18: [2, 5, 6, 2]
path19: [3, 7, 1, 3]
path20: [5, 6, 2, 5]
path21: [6, 2, 0, 6]
path22: [6, 2, 5, 6]
path23: [7, 1, 0, 7]
path24: [7, 1, 3, 7]
path25: [7, 2, 0, 7]
path26: [0, 1, 6, 2, 0]
path27: [0, 1, 6, 2, 9]
path28: [0, 1, 7, 2, 0]
path29: [0, 1, 7, 2, 9]
path30: [1, 0, 7, 2, 9]
path31: [1, 0, 7, 4, 9]
path32: [1, 6, 2, 0, 1]
path33: [1, 6, 2, 7, 1]
path34: [1, 7, 2, 0, 1]
path35: [1, 7, 2, 0, 9]
path36: [2, 0, 1, 6, 2]
path37: [2, 0, 1, 7, 2]
path38: [2, 4, 5, 6, 2]
path39: [2, 7, 1, 6, 2]
path40: [2, 7, 5, 6, 2]
path41: [3, 7, 1, 0, 9]
path42: [3, 7, 1, 4, 9]
path43: [3, 7, 1, 6, 9]
path44: [4, 5, 6, 2, 4]
path45: [5, 6, 2, 4, 5]
path46: [5, 6, 2, 7, 5]
path47: [6, 2, 0, 1, 6]
path48: [6, 2, 4, 5, 6]
path49: [6, 2, 7, 1, 6]
path50: [6, 2, 7, 5, 6]
path51: [7, 1, 6, 2, 7]
path52: [7, 2, 0, 1, 7]
path53: [7, 5, 6, 2, 7]
path54: [0, 1, 3, 6, 2, 0]
path55: [0, 1, 3, 6, 2, 9]
path56: [0, 1, 3, 7, 2, 0]
path57: [0, 1, 3, 7, 2, 9]
path58: [0, 1, 3, 8, 2, 0]
path59: [0, 1, 3, 8, 2, 9]
path60: [0, 1, 6, 2, 4, 5]
path61: [0, 1, 6, 2, 4, 9]
path62: [0, 1, 7, 2, 4, 9]
path63: [0, 6, 2, 7, 1, 0]
path64: [0, 7, 1, 6, 2, 0]
path65: [0, 7, 1, 6, 2, 9]
path66: [0, 7, 5, 6, 2, 0]
path67: [1, 0, 6, 2, 7, 1]
path68: [1, 0, 7, 2, 4, 9]
path69: [1, 0, 7, 5, 4, 9]
path70: [1, 0, 7, 5, 6, 9]
path71: [1, 3, 6, 2, 0, 1]
path72: [1, 3, 6, 2, 7, 1]
path73: [1, 3, 7, 2, 0, 1]
path74: [1, 3, 7, 2, 0, 9]
path75: [1, 3, 8, 2, 0, 1]
path76: [1, 3, 8, 2, 7, 1]
path77: [1, 6, 2, 0, 7, 1]
path78: [1, 7, 2, 0, 6, 9]
path79: [2, 0, 1, 3, 6, 2]
path80: [2, 0, 1, 3, 7, 2]
path81: [2, 0, 1, 3, 8, 2]
path82: [2, 0, 7, 1, 6, 2]
path83: [2, 0, 7, 5, 6, 2]
path84: [2, 7, 1, 0, 6, 2]
path85: [2, 7, 1, 3, 6, 2]
path86: [2, 7, 1, 3, 8, 2]
path87: [2, 7, 4, 5, 6, 2]
path88: [3, 6, 2, 0, 1, 3]
path89: [3, 6, 2, 7, 1, 3]
path90: [3, 7, 1, 0, 6, 9]
path91: [3, 7, 1, 6, 2, 9]
path92: [3, 7, 2, 0, 1, 3]
path93: [3, 8, 2, 0, 1, 3]
path94: [3, 8, 2, 7, 1, 3]
path95: [4, 5, 6, 2, 7, 4]
path96: [5, 6, 2, 0, 7, 5]
path97: [5, 6, 2, 7, 4, 5]
path98: [6, 2, 0, 1, 3, 6]
path99: [6, 2, 0, 7, 1, 6]
path100: [6, 2, 0, 7, 5, 6]
path101: [6, 2, 7, 1, 0, 6]
path102: [6, 2, 7, 1, 3, 6]
path103: [6, 2, 7, 4, 5, 6]
path104: [7, 1, 0, 6, 2, 7]
path105: [7, 1, 3, 6, 2, 7]
path106: [7, 1, 3, 8, 2, 7]
path107: [7, 1, 6, 2, 0, 7]
path108: [7, 2, 0, 1, 3, 7]
path109: [7, 2, 0, 1, 3, 9]
path110: [7, 4, 5, 6, 2, 7]
path111: [7, 5, 6, 2, 0, 7]
path112: [8, 2, 0, 1, 3, 8]
path113: [8, 2, 0, 1, 3, 9]
path114: [8, 2, 7, 1, 3, 8]
path115: [8, 2, 7, 1, 3, 9]
path116: [0, 1, 3, 5, 6, 2, 0]
path117: [0, 1, 3, 5, 6, 2, 9]
path118: [0, 1, 3, 6, 2, 4, 5]
path119: [0, 1, 3, 6, 2, 4, 9]
path120: [0, 1, 3, 7, 2, 4, 9]
path121: [0, 1, 3, 8, 2, 4, 9]
path122: [0, 1, 4, 5, 6, 2, 0]
path123: [0, 1, 4, 5, 6, 2, 7]
path124: [0, 1, 4, 5, 6, 2, 9]
path125: [0, 1, 6, 2, 5, 4, 9]
path126: [0, 1, 6, 2, 7, 4, 5]
path127: [0, 1, 6, 2, 7, 4, 9]
path128: [0, 1, 7, 2, 5, 4, 9]
path129: [0, 1, 7, 2, 5, 6, 9]
path130: [0, 1, 7, 5, 6, 2, 0]
path131: [0, 1, 7, 5, 6, 2, 9]
path132: [0, 6, 2, 7, 1, 3, 9]
path133: [0, 6, 2, 7, 1, 4, 5]
path134: [0, 6, 2, 7, 1, 4, 9]
path135: [0, 7, 1, 3, 6, 2, 0]
path136: [0, 7, 1, 3, 6, 2, 9]
path137: [0, 7, 1, 3, 8, 2, 0]
path138: [0, 7, 1, 3, 8, 2, 9]
path139: [0, 7, 1, 6, 2, 4, 5]
path140: [0, 7, 1, 6, 2, 4, 9]
path141: [0, 7, 4, 5, 6, 2, 0]
path142: [1, 0, 6, 2, 7, 4, 5]
path143: [1, 0, 6, 2, 7, 4, 9]
path144: [1, 0, 7, 2, 5, 4, 9]
path145: [1, 0, 7, 2, 5, 6, 9]
path146: [1, 0, 7, 4, 5, 6, 9]
path147: [1, 0, 7, 5, 6, 2, 9]
path148: [1, 3, 5, 6, 2, 0, 1]
path149: [1, 3, 5, 6, 2, 7, 1]
path150: [1, 3, 6, 2, 0, 7, 1]
path151: [1, 3, 7, 2, 0, 6, 9]
path152: [1, 3, 8, 2, 0, 7, 1]
path153: [1, 4, 5, 6, 2, 0, 1]
path154: [1, 4, 5, 6, 2, 7, 1]
path155: [1, 6, 2, 0, 7, 4, 5]
path156: [1, 6, 2, 0, 7, 4, 9]
path157: [1, 7, 5, 6, 2, 0, 1]
path158: [1, 7, 5, 6, 2, 0, 9]
path159: [2, 0, 1, 3, 5, 6, 2]
path160: [2, 0, 1, 4, 5, 6, 2]
path161: [2, 0, 1, 7, 5, 6, 2]
path162: [2, 0, 7, 1, 3, 6, 2]
path163: [2, 0, 7, 1, 3, 8, 2]
path164: [2, 0, 7, 4, 5, 6, 2]
path165: [2, 7, 1, 3, 5, 6, 2]
path166: [2, 7, 1, 4, 5, 6, 2]
path167: [3, 5, 6, 2, 0, 1, 3]
path168: [3, 5, 6, 2, 7, 1, 3]
path169: [3, 6, 2, 0, 1, 4, 5]
path170: [3, 6, 2, 0, 1, 4, 9]
path171: [3, 6, 2, 0, 7, 1, 3]
path172: [3, 6, 2, 7, 1, 0, 9]
path173: [3, 6, 2, 7, 1, 4, 5]
path174: [3, 6, 2, 7, 1, 4, 9]
path175: [3, 7, 1, 0, 6, 2, 9]
path176: [3, 7, 1, 4, 5, 6, 9]
path177: [3, 7, 1, 6, 2, 0, 9]
path178: [3, 7, 1, 6, 2, 4, 5]
path179: [3, 7, 1, 6, 2, 4, 9]
path180: [3, 7, 1, 6, 5, 4, 9]
path181: [3, 7, 2, 0, 1, 4, 9]
path182: [3, 7, 2, 0, 1, 6, 9]
path183: [3, 8, 2, 0, 1, 4, 9]
path184: [3, 8, 2, 0, 1, 6, 9]
path185: [3, 8, 2, 0, 7, 1, 3]
path186: [3, 8, 2, 7, 1, 0, 9]
path187: [3, 8, 2, 7, 1, 4, 9]
path188: [3, 8, 2, 7, 1, 6, 9]
path189: [4, 5, 6, 2, 0, 1, 4]
path190: [4, 5, 6, 2, 0, 7, 4]
path191: [4, 5, 6, 2, 7, 1, 4]
path192: [5, 6, 2, 0, 1, 3, 5]
path193: [5, 6, 2, 0, 1, 4, 5]
path194: [5, 6, 2, 0, 1, 7, 5]
path195: [5, 6, 2, 0, 7, 4, 5]
path196: [5, 6, 2, 7, 1, 3, 5]
path197: [5, 6, 2, 7, 1, 4, 5]
path198: [6, 2, 0, 1, 3, 5, 6]
path199: [6, 2, 0, 1, 4, 5, 6]
path200: [6, 2, 0, 1, 7, 5, 6]
path201: [6, 2, 0, 7, 1, 3, 6]
path202: [6, 2, 0, 7, 4, 5, 6]
path203: [6, 2, 7, 1, 3, 5, 6]
path204: [6, 2, 7, 1, 4, 5, 6]
path205: [7, 1, 3, 5, 6, 2, 7]
path206: [7, 1, 3, 6, 2, 0, 7]
path207: [7, 1, 3, 6, 2, 0, 9]
path208: [7, 1, 3, 8, 2, 0, 7]
path209: [7, 1, 3, 8, 2, 0, 9]
path210: [7, 1, 4, 5, 6, 2, 7]
path211: [7, 2, 0, 1, 3, 4, 9]
path212: [7, 2, 0, 1, 3, 6, 9]
path213: [7, 2, 0, 1, 3, 8, 9]
path214: [7, 4, 5, 6, 2, 0, 7]
path215: [7, 5, 6, 2, 0, 1, 7]
path216: [8, 2, 0, 1, 3, 4, 9]
path217: [8, 2, 0, 1, 3, 6, 9]
path218: [8, 2, 0, 7, 1, 3, 8]
path219: [8, 2, 0, 7, 1, 3, 9]
path220: [8, 2, 7, 1, 3, 4, 9]
path221: [8, 2, 7, 1, 3, 6, 9]
path222: [0, 1, 3, 4, 5, 6, 2, 0]
path223: [0, 1, 3, 4, 5, 6, 2, 7]
path224: [0, 1, 3, 4, 5, 6, 2, 9]
path225: [0, 1, 3, 5, 6, 2, 4, 9]
path226: [0, 1, 3, 6, 2, 5, 4, 9]
path227: [0, 1, 3, 6, 2, 7, 4, 5]
path228: [0, 1, 3, 6, 2, 7, 4, 9]
path229: [0, 1, 3, 7, 2, 5, 4, 9]
path230: [0, 1, 3, 7, 2, 5, 6, 9]
path231: [0, 1, 3, 7, 5, 6, 2, 0]
path232: [0, 1, 3, 7, 5, 6, 2, 9]
path233: [0, 1, 3, 8, 2, 5, 4, 9]
path234: [0, 1, 3, 8, 2, 5, 6, 9]
path235: [0, 1, 3, 8, 2, 7, 4, 9]
path236: [0, 1, 6, 2, 7, 5, 4, 9]
path237: [0, 1, 7, 2, 4, 5, 6, 9]
path238: [0, 1, 7, 4, 5, 6, 2, 0]
path239: [0, 1, 7, 4, 5, 6, 2, 9]
path240: [0, 1, 7, 5, 6, 2, 4, 9]
path241: [0, 6, 2, 7, 1, 3, 4, 5]
path242: [0, 6, 2, 7, 1, 3, 4, 9]
path243: [0, 6, 2, 7, 1, 3, 8, 9]
path244: [0, 7, 1, 3, 5, 6, 2, 0]
path245: [0, 7, 1, 3, 5, 6, 2, 9]
path246: [0, 7, 1, 3, 6, 2, 4, 5]
path247: [0, 7, 1, 3, 6, 2, 4, 9]
path248: [0, 7, 1, 3, 8, 2, 4, 9]
path249: [0, 7, 1, 4, 5, 6, 2, 0]
path250: [0, 7, 1, 4, 5, 6, 2, 9]
path251: [0, 7, 1, 6, 2, 5, 4, 9]
path252: [1, 0, 6, 2, 7, 5, 4, 9]
path253: [1, 0, 7, 2, 4, 5, 6, 9]
path254: [1, 0, 7, 4, 5, 6, 2, 9]
path255: [1, 0, 7, 5, 6, 2, 4, 9]
path256: [1, 3, 4, 5, 6, 2, 0, 1]
path257: [1, 3, 4, 5, 6, 2, 7, 1]
path258: [1, 3, 5, 6, 2, 0, 7, 1]
path259: [1, 3, 6, 2, 0, 7, 4, 5]
path260: [1, 3, 6, 2, 0, 7, 4, 9]
path261: [1, 3, 7, 5, 6, 2, 0, 1]
path262: [1, 3, 7, 5, 6, 2, 0, 9]
path263: [1, 3, 8, 2, 0, 7, 4, 9]
path264: [1, 4, 5, 6, 2, 0, 7, 1]
path265: [1, 6, 2, 0, 7, 5, 4, 9]
path266: [1, 7, 2, 0, 6, 5, 4, 9]
path267: [1, 7, 4, 5, 6, 2, 0, 1]
path268: [1, 7, 4, 5, 6, 2, 0, 9]
path269: [2, 0, 1, 3, 4, 5, 6, 2]
path270: [2, 0, 1, 3, 7, 5, 6, 2]
path271: [2, 0, 1, 7, 4, 5, 6, 2]
path272: [2, 0, 7, 1, 3, 5, 6, 2]
path273: [2, 0, 7, 1, 4, 5, 6, 2]
path274: [2, 7, 1, 3, 4, 5, 6, 2]
path275: [3, 4, 5, 6, 2, 0, 1, 3]
path276: [3, 4, 5, 6, 2, 0, 1, 7]
path277: [3, 4, 5, 6, 2, 7, 1, 3]
path278: [3, 5, 6, 2, 0, 1, 4, 9]
path279: [3, 5, 6, 2, 0, 7, 1, 3]
path280: [3, 5, 6, 2, 7, 1, 0, 9]
path281: [3, 5, 6, 2, 7, 1, 4, 9]
path282: [3, 6, 2, 0, 1, 7, 4, 5]
path283: [3, 6, 2, 0, 1, 7, 4, 9]
path284: [3, 6, 2, 0, 7, 1, 4, 5]
path285: [3, 6, 2, 0, 7, 1, 4, 9]
path286: [3, 7, 1, 0, 6, 2, 4, 5]
path287: [3, 7, 1, 0, 6, 2, 4, 9]
path288: [3, 7, 1, 0, 6, 5, 4, 9]
path289: [3, 7, 1, 4, 5, 6, 2, 9]
path290: [3, 7, 1, 6, 2, 5, 4, 9]
path291: [3, 7, 5, 6, 2, 0, 1, 3]
path292: [3, 8, 2, 0, 1, 7, 4, 9]
path293: [3, 8, 2, 0, 7, 1, 4, 9]
path294: [3, 8, 2, 0, 7, 1, 6, 9]
path295: [3, 8, 2, 7, 1, 0, 6, 9]
path296: [4, 5, 6, 2, 0, 1, 3, 4]
path297: [4, 5, 6, 2, 0, 1, 7, 4]
path298: [4, 5, 6, 2, 0, 7, 1, 4]
path299: [4, 5, 6, 2, 7, 1, 3, 4]
path300: [5, 6, 2, 0, 1, 3, 4, 5]
path301: [5, 6, 2, 0, 1, 3, 7, 5]
path302: [5, 6, 2, 0, 1, 7, 4, 5]
path303: [5, 6, 2, 0, 7, 1, 3, 5]
path304: [5, 6, 2, 0, 7, 1, 4, 5]
path305: [5, 6, 2, 7, 1, 3, 4, 5]
path306: [5, 6, 2, 7, 1, 3, 4, 9]
path307: [6, 2, 0, 1, 3, 4, 5, 6]
path308: [6, 2, 0, 1, 3, 5, 4, 9]
path309: [6, 2, 0, 1, 3, 7, 5, 6]
path310: [6, 2, 0, 1, 7, 4, 5, 6]
path311: [6, 2, 0, 7, 1, 3, 5, 6]
path312: [6, 2, 0, 7, 1, 4, 5, 6]
path313: [6, 2, 7, 1, 3, 4, 5, 6]
path314: [7, 1, 3, 4, 5, 6, 2, 7]
path315: [7, 1, 3, 5, 6, 2, 0, 7]
path316: [7, 1, 3, 5, 6, 2, 0, 9]
path317: [7, 1, 3, 8, 2, 0, 6, 9]
path318: [7, 1, 4, 5, 6, 2, 0, 7]
path319: [7, 2, 0, 1, 3, 5, 4, 9]
path320: [7, 2, 0, 1, 3, 5, 6, 9]
path321: [7, 2, 0, 1, 3, 8, 4, 9]
path322: [7, 4, 5, 6, 2, 0, 1, 7]
path323: [7, 5, 6, 2, 0, 1, 3, 7]
path324: [7, 5, 6, 2, 0, 1, 3, 9]
path325: [8, 2, 0, 1, 3, 5, 4, 9]
path326: [8, 2, 0, 1, 3, 5, 6, 9]
path327: [8, 2, 0, 1, 3, 7, 4, 9]
path328: [8, 2, 0, 7, 1, 3, 4, 9]
path329: [8, 2, 0, 7, 1, 3, 6, 9]
path330: [8, 2, 7, 1, 3, 5, 4, 9]
path331: [8, 2, 7, 1, 3, 5, 6, 9]
path332: [0, 1, 3, 5, 6, 2, 7, 4, 9]
path333: [0, 1, 3, 6, 2, 7, 5, 4, 9]
path334: [0, 1, 3, 7, 2, 4, 5, 6, 9]
path335: [0, 1, 3, 7, 4, 5, 6, 2, 0]
path336: [0, 1, 3, 7, 4, 5, 6, 2, 9]
path337: [0, 1, 3, 7, 5, 6, 2, 4, 9]
path338: [0, 1, 3, 8, 2, 4, 5, 6, 9]
path339: [0, 1, 3, 8, 2, 7, 5, 4, 9]
path340: [0, 1, 3, 8, 2, 7, 5, 6, 9]
path341: [0, 1, 3, 8, 4, 5, 6, 2, 0]
path342: [0, 1, 3, 8, 4, 5, 6, 2, 7]
path343: [0, 1, 3, 8, 4, 5, 6, 2, 9]
path344: [0, 6, 2, 7, 1, 3, 5, 4, 9]
path345: [0, 6, 2, 7, 1, 3, 8, 4, 5]
path346: [0, 6, 2, 7, 1, 3, 8, 4, 9]
path347: [0, 7, 1, 3, 4, 5, 6, 2, 0]
path348: [0, 7, 1, 3, 4, 5, 6, 2, 9]
path349: [0, 7, 1, 3, 5, 6, 2, 4, 9]
path350: [0, 7, 1, 3, 6, 2, 5, 4, 9]
path351: [0, 7, 1, 3, 8, 2, 5, 4, 9]
path352: [0, 7, 1, 3, 8, 2, 5, 6, 9]
path353: [1, 3, 4, 5, 6, 2, 0, 7, 1]
path354: [1, 3, 5, 6, 2, 0, 7, 4, 9]
path355: [1, 3, 6, 2, 0, 7, 5, 4, 9]
path356: [1, 3, 7, 2, 0, 6, 5, 4, 9]
path357: [1, 3, 7, 4, 5, 6, 2, 0, 1]
path358: [1, 3, 7, 4, 5, 6, 2, 0, 9]
path359: [1, 3, 8, 2, 0, 7, 5, 4, 9]
path360: [1, 3, 8, 2, 0, 7, 5, 6, 9]
path361: [1, 3, 8, 4, 5, 6, 2, 0, 1]
path362: [1, 3, 8, 4, 5, 6, 2, 7, 1]
path363: [2, 0, 1, 3, 7, 4, 5, 6, 2]
path364: [2, 0, 1, 3, 8, 4, 5, 6, 2]
path365: [2, 0, 7, 1, 3, 4, 5, 6, 2]
path366: [2, 7, 1, 3, 8, 4, 5, 6, 2]
path367: [2, 7, 1, 3, 8, 4, 5, 6, 9]
path368: [3, 4, 5, 6, 2, 0, 7, 1, 3]
path369: [3, 4, 5, 6, 2, 7, 1, 0, 9]
path370: [3, 5, 6, 2, 0, 1, 7, 4, 9]
path371: [3, 5, 6, 2, 0, 7, 1, 4, 9]
path372: [3, 6, 2, 0, 1, 7, 5, 4, 9]
path373: [3, 7, 1, 0, 6, 2, 5, 4, 9]
path374: [3, 7, 1, 4, 5, 6, 2, 0, 9]
path375: [3, 7, 2, 0, 1, 4, 5, 6, 9]
path376: [3, 7, 2, 0, 1, 6, 5, 4, 9]
path377: [3, 7, 4, 5, 6, 2, 0, 1, 3]
path378: [3, 7, 5, 6, 2, 0, 1, 4, 9]
path379: [3, 8, 2, 0, 1, 4, 5, 6, 9]
path380: [3, 8, 2, 0, 1, 6, 5, 4, 9]
path381: [3, 8, 2, 0, 1, 7, 5, 4, 9]
path382: [3, 8, 2, 0, 1, 7, 5, 6, 9]
path383: [3, 8, 2, 7, 1, 4, 5, 6, 9]
path384: [3, 8, 2, 7, 1, 6, 5, 4, 9]
path385: [3, 8, 4, 5, 6, 2, 0, 1, 3]
path386: [3, 8, 4, 5, 6, 2, 0, 1, 7]
path387: [3, 8, 4, 5, 6, 2, 7, 1, 3]
path388: [4, 5, 6, 2, 0, 1, 3, 7, 4]
path389: [4, 5, 6, 2, 0, 1, 3, 8, 4]
path390: [4, 5, 6, 2, 0, 7, 1, 3, 4]
path391: [4, 5, 6, 2, 7, 1, 3, 8, 4]
path392: [4, 5, 6, 2, 7, 1, 3, 8, 9]
path393: [5, 6, 2, 0, 1, 3, 7, 4, 5]
path394: [5, 6, 2, 0, 1, 3, 7, 4, 9]
path395: [5, 6, 2, 0, 1, 3, 8, 4, 5]
path396: [5, 6, 2, 0, 7, 1, 3, 4, 5]
path397: [5, 6, 2, 0, 7, 1, 3, 4, 9]
path398: [5, 6, 2, 7, 1, 3, 8, 4, 5]
path399: [5, 6, 2, 7, 1, 3, 8, 4, 9]
path400: [6, 2, 0, 1, 3, 7, 4, 5, 6]
path401: [6, 2, 0, 1, 3, 7, 5, 4, 9]
path402: [6, 2, 0, 1, 3, 8, 4, 5, 6]
path403: [6, 2, 0, 7, 1, 3, 4, 5, 6]
path404: [6, 2, 0, 7, 1, 3, 5, 4, 9]
path405: [6, 2, 7, 1, 3, 8, 4, 5, 6]
path406: [7, 1, 3, 4, 5, 6, 2, 0, 7]
path407: [7, 1, 3, 4, 5, 6, 2, 0, 9]
path408: [7, 1, 3, 8, 4, 5, 6, 2, 7]
path409: [7, 2, 0, 1, 3, 4, 5, 6, 9]
path410: [7, 2, 0, 1, 3, 6, 5, 4, 9]
path411: [7, 4, 5, 6, 2, 0, 1, 3, 7]
path412: [7, 4, 5, 6, 2, 0, 1, 3, 9]
path413: [7, 5, 6, 2, 0, 1, 3, 4, 9]
path414: [7, 5, 6, 2, 0, 1, 3, 8, 9]
path415: [8, 2, 0, 1, 3, 4, 5, 6, 9]
path416: [8, 2, 0, 1, 3, 6, 5, 4, 9]
path417: [8, 2, 0, 1, 3, 7, 5, 4, 9]
path418: [8, 2, 0, 1, 3, 7, 5, 6, 9]
path419: [8, 2, 0, 7, 1, 3, 5, 4, 9]
path420: [8, 2, 0, 7, 1, 3, 5, 6, 9]
path421: [8, 2, 7, 1, 3, 4, 5, 6, 9]
path422: [8, 2, 7, 1, 3, 6, 5, 4, 9]
path423: [8, 4, 5, 6, 2, 0, 1, 3, 7]
path424: [8, 4, 5, 6, 2, 0, 1, 3, 8]
path425: [8, 4, 5, 6, 2, 0, 1, 3, 9]
path426: [8, 4, 5, 6, 2, 7, 1, 3, 8]
path427: [8, 4, 5, 6, 2, 7, 1, 3, 9]
path428: [0, 1, 3, 8, 2, 7, 4, 5, 6, 9]
path429: [0, 7, 1, 3, 8, 2, 4, 5, 6, 9]
path430: [0, 7, 1, 3, 8, 4, 5, 6, 2, 0]
path431: [0, 7, 1, 3, 8, 4, 5, 6, 2, 9]
path432: [1, 3, 8, 2, 0, 7, 4, 5, 6, 9]
path433: [1, 3, 8, 4, 5, 6, 2, 0, 7, 1]
path434: [2, 0, 7, 1, 3, 8, 4, 5, 6, 2]
path435: [2, 0, 7, 1, 3, 8, 4, 5, 6, 9]
path436: [3, 8, 2, 0, 1, 7, 4, 5, 6, 9]
path437: [3, 8, 2, 0, 7, 1, 4, 5, 6, 9]
path438: [3, 8, 2, 0, 7, 1, 6, 5, 4, 9]
path439: [3, 8, 2, 7, 1, 0, 6, 5, 4, 9]
path440: [3, 8, 4, 5, 6, 2, 0, 7, 1, 3]
path441: [3, 8, 4, 5, 6, 2, 7, 1, 0, 9]
path442: [4, 5, 6, 2, 0, 7, 1, 3, 8, 4]
path443: [4, 5, 6, 2, 0, 7, 1, 3, 8, 9]
path444: [5, 6, 2, 0, 7, 1, 3, 8, 4, 5]
path445: [5, 6, 2, 0, 7, 1, 3, 8, 4, 9]
path446: [6, 2, 0, 7, 1, 3, 8, 4, 5, 6]
path447: [7, 1, 3, 8, 2, 0, 6, 5, 4, 9]
path448: [7, 1, 3, 8, 4, 5, 6, 2, 0, 7]
path449: [7, 1, 3, 8, 4, 5, 6, 2, 0, 9]
path450: [7, 2, 0, 1, 3, 8, 4, 5, 6, 9]
path451: [7, 4, 5, 6, 2, 0, 1, 3, 8, 9]
path452: [7, 5, 6, 2, 0, 1, 3, 8, 4, 9]
path453: [8, 2, 0, 1, 3, 7, 4, 5, 6, 9]
path454: [8, 2, 0, 7, 1, 3, 4, 5, 6, 9]
path455: [8, 2, 0, 7, 1, 3, 6, 5, 4, 9]
path456: [8, 4, 5, 6, 2, 0, 7, 1, 3, 8]
path457: [8, 4, 5, 6, 2, 0, 7, 1, 3, 9]
