graph = {
	0, [1, 3, 2]
	1, [0, 3, 4]
	2, [0]
	3, [0]
	4, [1, 0]
}
the number of primePath:24
path1: [0, 1, 0]
path2: [0, 2, 0]
path3: [0, 3, 0]
path4: [1, 0, 1]
path5: [1, 4, 1]
path6: [2, 0, 2]
path7: [2, 0, 3]
path8: [3, 0, 3]
path9: [4, 1, 4]
path10: [0, 1, 3, 0]
path11: [0, 1, 4, 0]
path12: [1, 3, 0, 1]
path13: [1, 4, 0, 1]
path14: [1, 4, 0, 2]
path15: [1, 4, 0, 3]
path16: [2, 0, 1, 3]
path17: [2, 0, 1, 4]
path18: [3, 0, 1, 3]
path19: [3, 0, 1, 4]
path20: [4, 0, 1, 3]
path21: [4, 0, 1, 4]
path22: [4, 1, 0, 2]
path23: [4, 1, 0, 3]
path24: [4, 1, 3, 0, 2]
