graph = {
	0, [4, 8, 2]
	1, [7, 9, 3, 5]
	2, [3, 6, 9, 7]
	3, [1, 7, 4]
	4, [7]
	5, [6]
	6, [8, 4]
	7, [9, 2, 6]
	8, [9]
	9, [3, 5, 2]
}
the number of primePath:325
path1: [1, 3, 1]
path2: [2, 7, 2]
path3: [2, 9, 2]
path4: [3, 1, 3]
path5: [7, 2, 7]
path6: [9, 2, 9]
path7: [1, 9, 3, 1]
path8: [2, 3, 7, 2]
path9: [2, 7, 9, 2]
path10: [3, 1, 9, 3]
path11: [3, 7, 2, 3]
path12: [3, 7, 9, 3]
path13: [4, 7, 6, 4]
path14: [6, 4, 7, 6]
path15: [7, 2, 3, 7]
path16: [7, 6, 4, 7]
path17: [7, 9, 2, 7]
path18: [7, 9, 3, 7]
path19: [9, 2, 7, 9]
path20: [9, 3, 1, 9]
path21: [9, 3, 7, 9]
path22: [0, 2, 7, 6, 4]
path23: [1, 3, 7, 6, 4]
path24: [1, 7, 2, 3, 1]
path25: [1, 7, 2, 3, 4]
path26: [1, 7, 9, 3, 1]
path27: [1, 7, 9, 3, 4]
path28: [1, 9, 2, 3, 1]
path29: [2, 3, 1, 7, 2]
path30: [2, 3, 1, 9, 2]
path31: [2, 3, 4, 7, 2]
path32: [2, 3, 7, 9, 2]
path33: [2, 6, 4, 7, 2]
path34: [2, 6, 8, 9, 2]
path35: [2, 9, 3, 7, 2]
path36: [3, 1, 7, 2, 3]
path37: [3, 1, 7, 9, 3]
path38: [3, 1, 9, 2, 3]
path39: [3, 4, 7, 2, 3]
path40: [3, 4, 7, 9, 3]
path41: [3, 7, 2, 9, 3]
path42: [3, 7, 9, 2, 3]
path43: [4, 7, 2, 3, 4]
path44: [4, 7, 2, 6, 4]
path45: [4, 7, 9, 3, 4]
path46: [5, 6, 8, 9, 5]
path47: [6, 4, 7, 2, 6]
path48: [6, 8, 9, 2, 6]
path49: [6, 8, 9, 5, 6]
path50: [7, 2, 3, 1, 7]
path51: [7, 2, 3, 4, 7]
path52: [7, 2, 6, 4, 7]
path53: [7, 2, 9, 3, 7]
path54: [7, 9, 2, 3, 7]
path55: [7, 9, 3, 1, 7]
path56: [7, 9, 3, 4, 7]
path57: [8, 9, 2, 6, 8]
path58: [8, 9, 5, 6, 8]
path59: [9, 2, 3, 1, 9]
path60: [9, 2, 3, 7, 9]
path61: [9, 2, 6, 8, 9]
path62: [9, 3, 1, 7, 9]
path63: [9, 3, 4, 7, 9]
path64: [9, 3, 7, 2, 9]
path65: [9, 5, 6, 8, 9]
path66: [0, 2, 3, 7, 6, 4]
path67: [0, 2, 6, 8, 9, 5]
path68: [0, 2, 7, 9, 3, 4]
path69: [0, 2, 9, 5, 6, 8]
path70: [1, 3, 7, 2, 6, 4]
path71: [1, 7, 2, 9, 3, 1]
path72: [1, 7, 2, 9, 3, 4]
path73: [1, 7, 9, 2, 3, 1]
path74: [1, 7, 9, 2, 3, 4]
path75: [1, 9, 3, 7, 6, 4]
path76: [1, 9, 3, 7, 6, 8]
path77: [2, 3, 1, 7, 9, 2]
path78: [2, 3, 4, 7, 9, 2]
path79: [2, 6, 4, 7, 9, 2]
path80: [2, 7, 6, 8, 9, 2]
path81: [2, 9, 3, 1, 7, 2]
path82: [2, 9, 3, 4, 7, 2]
path83: [3, 1, 7, 2, 9, 3]
path84: [3, 1, 7, 9, 2, 3]
path85: [3, 1, 9, 2, 6, 8]
path86: [3, 4, 7, 2, 9, 3]
path87: [3, 4, 7, 9, 2, 3]
path88: [3, 7, 6, 8, 9, 3]
path89: [4, 7, 2, 9, 3, 4]
path90: [4, 7, 9, 2, 3, 4]
path91: [4, 7, 9, 2, 6, 4]
path92: [4, 7, 9, 5, 6, 4]
path93: [5, 6, 4, 7, 9, 5]
path94: [6, 4, 7, 9, 2, 6]
path95: [6, 4, 7, 9, 5, 6]
path96: [6, 8, 9, 2, 7, 6]
path97: [6, 8, 9, 3, 7, 6]
path98: [7, 2, 9, 3, 1, 7]
path99: [7, 2, 9, 3, 4, 7]
path100: [7, 6, 8, 9, 2, 7]
path101: [7, 6, 8, 9, 3, 7]
path102: [7, 9, 2, 3, 1, 7]
path103: [7, 9, 2, 3, 4, 7]
path104: [7, 9, 2, 6, 4, 7]
path105: [7, 9, 5, 6, 4, 7]
path106: [8, 9, 2, 7, 6, 8]
path107: [8, 9, 3, 7, 6, 8]
path108: [9, 2, 3, 1, 7, 9]
path109: [9, 2, 3, 4, 7, 9]
path110: [9, 2, 6, 4, 7, 9]
path111: [9, 2, 7, 6, 8, 9]
path112: [9, 3, 1, 7, 2, 9]
path113: [9, 3, 4, 7, 2, 9]
path114: [9, 3, 7, 6, 8, 9]
path115: [9, 5, 6, 4, 7, 9]
path116: [0, 2, 3, 1, 7, 6, 4]
path117: [0, 2, 6, 4, 7, 9, 5]
path118: [0, 2, 6, 8, 9, 3, 7]
path119: [0, 2, 7, 6, 8, 9, 5]
path120: [0, 2, 7, 9, 5, 6, 4]
path121: [0, 2, 7, 9, 5, 6, 8]
path122: [0, 2, 9, 3, 7, 6, 4]
path123: [0, 2, 9, 3, 7, 6, 8]
path124: [0, 2, 9, 5, 6, 4, 7]
path125: [0, 4, 7, 6, 8, 9, 5]
path126: [0, 4, 7, 9, 2, 6, 8]
path127: [0, 4, 7, 9, 5, 6, 8]
path128: [0, 8, 9, 2, 6, 4, 7]
path129: [0, 8, 9, 2, 7, 6, 4]
path130: [0, 8, 9, 3, 4, 7, 6]
path131: [0, 8, 9, 3, 7, 6, 4]
path132: [1, 3, 7, 6, 8, 9, 2]
path133: [1, 3, 7, 6, 8, 9, 5]
path134: [1, 3, 7, 9, 2, 6, 4]
path135: [1, 3, 7, 9, 2, 6, 8]
path136: [1, 3, 7, 9, 5, 6, 4]
path137: [1, 3, 7, 9, 5, 6, 8]
path138: [1, 5, 6, 8, 9, 3, 1]
path139: [1, 7, 6, 8, 9, 3, 1]
path140: [1, 7, 6, 8, 9, 3, 4]
path141: [1, 9, 2, 3, 7, 6, 4]
path142: [1, 9, 2, 3, 7, 6, 8]
path143: [1, 9, 3, 4, 7, 6, 8]
path144: [1, 9, 3, 7, 2, 6, 4]
path145: [1, 9, 3, 7, 2, 6, 8]
path146: [2, 3, 7, 6, 8, 9, 2]
path147: [2, 6, 8, 9, 3, 7, 2]
path148: [2, 9, 5, 6, 4, 7, 2]
path149: [3, 1, 5, 6, 8, 9, 3]
path150: [3, 1, 7, 6, 8, 9, 3]
path151: [3, 1, 7, 9, 2, 6, 4]
path152: [3, 1, 7, 9, 2, 6, 8]
path153: [3, 1, 9, 2, 6, 4, 7]
path154: [3, 1, 9, 2, 7, 6, 4]
path155: [3, 1, 9, 2, 7, 6, 8]
path156: [3, 4, 7, 6, 8, 9, 3]
path157: [3, 7, 2, 6, 8, 9, 3]
path158: [3, 7, 6, 8, 9, 2, 3]
path159: [4, 7, 2, 9, 5, 6, 4]
path160: [4, 7, 6, 8, 9, 3, 4]
path161: [5, 6, 4, 7, 2, 9, 5]
path162: [5, 6, 8, 9, 3, 1, 5]
path163: [6, 4, 7, 2, 9, 5, 6]
path164: [6, 8, 9, 2, 3, 7, 6]
path165: [6, 8, 9, 3, 1, 5, 6]
path166: [6, 8, 9, 3, 1, 7, 6]
path167: [6, 8, 9, 3, 4, 7, 6]
path168: [6, 8, 9, 3, 7, 2, 6]
path169: [7, 2, 6, 8, 9, 3, 7]
path170: [7, 2, 9, 5, 6, 4, 7]
path171: [7, 6, 8, 9, 2, 3, 7]
path172: [7, 6, 8, 9, 3, 1, 7]
path173: [7, 6, 8, 9, 3, 4, 7]
path174: [8, 9, 2, 3, 7, 6, 8]
path175: [8, 9, 3, 1, 5, 6, 8]
path176: [8, 9, 3, 1, 7, 6, 8]
path177: [8, 9, 3, 4, 7, 6, 8]
path178: [8, 9, 3, 7, 2, 6, 8]
path179: [9, 2, 3, 7, 6, 8, 9]
path180: [9, 3, 1, 5, 6, 8, 9]
path181: [9, 3, 1, 7, 6, 8, 9]
path182: [9, 3, 4, 7, 6, 8, 9]
path183: [9, 3, 7, 2, 6, 8, 9]
path184: [9, 5, 6, 4, 7, 2, 9]
path185: [0, 2, 3, 1, 5, 6, 8, 9]
path186: [0, 2, 3, 1, 9, 5, 6, 8]
path187: [0, 2, 3, 7, 6, 8, 9, 5]
path188: [0, 2, 3, 7, 9, 5, 6, 4]
path189: [0, 2, 3, 7, 9, 5, 6, 8]
path190: [0, 2, 6, 8, 9, 3, 1, 5]
path191: [0, 2, 6, 8, 9, 3, 1, 7]
path192: [0, 2, 6, 8, 9, 3, 4, 7]
path193: [0, 2, 7, 6, 8, 9, 3, 4]
path194: [0, 2, 9, 3, 1, 5, 6, 8]
path195: [0, 2, 9, 3, 1, 7, 6, 4]
path196: [0, 2, 9, 3, 1, 7, 6, 8]
path197: [0, 2, 9, 3, 4, 7, 6, 8]
path198: [0, 4, 7, 2, 6, 8, 9, 5]
path199: [0, 4, 7, 2, 9, 5, 6, 8]
path200: [0, 8, 9, 2, 3, 4, 7, 6]
path201: [0, 8, 9, 2, 3, 7, 6, 4]
path202: [0, 8, 9, 3, 1, 7, 6, 4]
path203: [0, 8, 9, 3, 4, 7, 2, 6]
path204: [0, 8, 9, 3, 7, 2, 6, 4]
path205: [1, 3, 4, 7, 6, 8, 9, 2]
path206: [1, 3, 4, 7, 6, 8, 9, 5]
path207: [1, 3, 4, 7, 9, 2, 6, 8]
path208: [1, 3, 4, 7, 9, 5, 6, 8]
path209: [1, 3, 7, 2, 6, 8, 9, 5]
path210: [1, 3, 7, 2, 9, 5, 6, 4]
path211: [1, 3, 7, 2, 9, 5, 6, 8]
path212: [1, 5, 6, 4, 7, 2, 3, 1]
path213: [1, 5, 6, 4, 7, 9, 3, 1]
path214: [1, 5, 6, 8, 9, 2, 3, 1]
path215: [1, 5, 6, 8, 9, 2, 3, 7]
path216: [1, 5, 6, 8, 9, 3, 7, 2]
path217: [1, 7, 2, 6, 8, 9, 3, 1]
path218: [1, 7, 2, 6, 8, 9, 3, 4]
path219: [1, 7, 6, 8, 9, 2, 3, 1]
path220: [1, 7, 6, 8, 9, 2, 3, 4]
path221: [1, 9, 2, 3, 4, 7, 6, 8]
path222: [1, 9, 3, 4, 7, 2, 6, 8]
path223: [2, 3, 1, 5, 6, 4, 7, 2]
path224: [2, 3, 1, 5, 6, 8, 9, 2]
path225: [2, 3, 1, 7, 6, 8, 9, 2]
path226: [2, 3, 4, 7, 6, 8, 9, 2]
path227: [2, 6, 8, 9, 3, 1, 7, 2]
path228: [2, 6, 8, 9, 3, 4, 7, 2]
path229: [3, 1, 5, 6, 4, 7, 2, 3]
path230: [3, 1, 5, 6, 4, 7, 9, 3]
path231: [3, 1, 5, 6, 8, 9, 2, 3]
path232: [3, 1, 5, 6, 8, 9, 2, 7]
path233: [3, 1, 7, 2, 6, 8, 9, 3]
path234: [3, 1, 7, 2, 6, 8, 9, 5]
path235: [3, 1, 7, 2, 9, 5, 6, 4]
path236: [3, 1, 7, 2, 9, 5, 6, 8]
path237: [3, 1, 7, 6, 8, 9, 2, 3]
path238: [3, 4, 7, 2, 6, 8, 9, 3]
path239: [3, 4, 7, 6, 8, 9, 2, 3]
path240: [4, 7, 2, 3, 1, 5, 6, 4]
path241: [4, 7, 2, 6, 8, 9, 3, 4]
path242: [4, 7, 6, 8, 9, 2, 3, 4]
path243: [4, 7, 9, 3, 1, 5, 6, 4]
path244: [5, 6, 4, 7, 2, 3, 1, 5]
path245: [5, 6, 4, 7, 9, 3, 1, 5]
path246: [5, 6, 8, 9, 2, 3, 1, 5]
path247: [5, 6, 8, 9, 2, 3, 1, 7]
path248: [5, 6, 8, 9, 3, 1, 7, 2]
path249: [6, 4, 7, 2, 3, 1, 5, 6]
path250: [6, 4, 7, 9, 3, 1, 5, 6]
path251: [6, 8, 9, 2, 3, 1, 5, 6]
path252: [6, 8, 9, 2, 3, 1, 7, 6]
path253: [6, 8, 9, 2, 3, 4, 7, 6]
path254: [6, 8, 9, 3, 1, 7, 2, 6]
path255: [6, 8, 9, 3, 4, 7, 2, 6]
path256: [7, 2, 3, 1, 5, 6, 4, 7]
path257: [7, 2, 6, 8, 9, 3, 1, 7]
path258: [7, 2, 6, 8, 9, 3, 4, 7]
path259: [7, 6, 8, 9, 2, 3, 1, 7]
path260: [7, 6, 8, 9, 2, 3, 4, 7]
path261: [7, 9, 3, 1, 5, 6, 4, 7]
path262: [8, 9, 2, 3, 1, 5, 6, 8]
path263: [8, 9, 2, 3, 1, 7, 6, 8]
path264: [8, 9, 2, 3, 4, 7, 6, 8]
path265: [8, 9, 3, 1, 7, 2, 6, 8]
path266: [8, 9, 3, 4, 7, 2, 6, 8]
path267: [9, 2, 3, 1, 5, 6, 8, 9]
path268: [9, 2, 3, 1, 7, 6, 8, 9]
path269: [9, 2, 3, 4, 7, 6, 8, 9]
path270: [9, 3, 1, 5, 6, 4, 7, 9]
path271: [9, 3, 1, 7, 2, 6, 8, 9]
path272: [9, 3, 4, 7, 2, 6, 8, 9]
path273: [0, 2, 3, 1, 5, 6, 4, 7, 9]
path274: [0, 2, 3, 1, 7, 6, 8, 9, 5]
path275: [0, 2, 3, 1, 7, 9, 5, 6, 4]
path276: [0, 2, 3, 1, 7, 9, 5, 6, 8]
path277: [0, 2, 3, 1, 9, 5, 6, 4, 7]
path278: [0, 2, 3, 4, 7, 6, 8, 9, 5]
path279: [0, 2, 3, 4, 7, 9, 5, 6, 8]
path280: [0, 2, 6, 4, 7, 9, 3, 1, 5]
path281: [0, 2, 7, 6, 8, 9, 3, 1, 5]
path282: [0, 2, 7, 9, 3, 1, 5, 6, 4]
path283: [0, 2, 7, 9, 3, 1, 5, 6, 8]
path284: [0, 2, 9, 3, 1, 5, 6, 4, 7]
path285: [0, 4, 7, 6, 8, 9, 3, 1, 5]
path286: [0, 4, 7, 9, 3, 1, 5, 6, 8]
path287: [0, 8, 9, 2, 3, 1, 7, 6, 4]
path288: [0, 8, 9, 3, 1, 7, 2, 6, 4]
path289: [1, 3, 4, 7, 2, 6, 8, 9, 5]
path290: [1, 3, 4, 7, 2, 9, 5, 6, 8]
path291: [1, 5, 6, 4, 7, 2, 9, 3, 1]
path292: [1, 5, 6, 4, 7, 9, 2, 3, 1]
path293: [1, 5, 6, 8, 9, 2, 3, 4, 7]
path294: [1, 5, 6, 8, 9, 3, 4, 7, 2]
path295: [1, 9, 5, 6, 4, 7, 2, 3, 1]
path296: [2, 3, 1, 5, 6, 4, 7, 9, 2]
path297: [2, 3, 1, 9, 5, 6, 4, 7, 2]
path298: [2, 9, 3, 1, 5, 6, 4, 7, 2]
path299: [3, 1, 5, 6, 4, 7, 2, 9, 3]
path300: [3, 1, 5, 6, 4, 7, 9, 2, 3]
path301: [3, 1, 9, 5, 6, 4, 7, 2, 3]
path302: [4, 7, 2, 3, 1, 9, 5, 6, 4]
path303: [4, 7, 2, 9, 3, 1, 5, 6, 4]
path304: [4, 7, 9, 2, 3, 1, 5, 6, 4]
path305: [5, 6, 4, 7, 2, 3, 1, 9, 5]
path306: [5, 6, 4, 7, 2, 9, 3, 1, 5]
path307: [5, 6, 4, 7, 9, 2, 3, 1, 5]
path308: [6, 4, 7, 2, 3, 1, 9, 5, 6]
path309: [6, 4, 7, 2, 9, 3, 1, 5, 6]
path310: [6, 4, 7, 9, 2, 3, 1, 5, 6]
path311: [7, 2, 3, 1, 9, 5, 6, 4, 7]
path312: [7, 2, 9, 3, 1, 5, 6, 4, 7]
path313: [7, 9, 2, 3, 1, 5, 6, 4, 7]
path314: [9, 2, 3, 1, 5, 6, 4, 7, 9]
path315: [9, 3, 1, 5, 6, 4, 7, 2, 9]
path316: [9, 5, 6, 4, 7, 2, 3, 1, 9]
path317: [0, 4, 7, 2, 3, 1, 5, 6, 8, 9]
path318: [0, 4, 7, 2, 3, 1, 9, 5, 6, 8]
path319: [0, 4, 7, 2, 6, 8, 9, 3, 1, 5]
path320: [0, 4, 7, 2, 9, 3, 1, 5, 6, 8]
path321: [0, 4, 7, 6, 8, 9, 2, 3, 1, 5]
path322: [0, 4, 7, 9, 2, 3, 1, 5, 6, 8]
path323: [0, 8, 9, 2, 3, 1, 5, 6, 4, 7]
path324: [0, 8, 9, 3, 1, 5, 6, 4, 7, 2]
path325: [0, 8, 9, 5, 6, 4, 7, 2, 3, 1]
