graph = {
	0, [9, 8, 3]
	1, [6, 4]
	2, [3]
	3, [4]
	4, [0, 5, 2]
	5, [1, 3]
	6, [9, 3]
	7, [9, 3]
	8, [4, 7]
	9, [2, 5]
}
the number of primePath:128
path1: [0, 3, 4, 0]
path2: [0, 3, 4, 2]
path3: [0, 8, 4, 0]
path4: [1, 4, 5, 1]
path5: [1, 4, 5, 3]
path6: [2, 3, 4, 2]
path7: [3, 4, 0, 3]
path8: [3, 4, 2, 3]
path9: [3, 4, 5, 3]
path10: [4, 0, 3, 4]
path11: [4, 0, 8, 4]
path12: [4, 2, 3, 4]
path13: [4, 5, 1, 4]
path14: [4, 5, 3, 4]
path15: [5, 1, 4, 5]
path16: [5, 3, 4, 5]
path17: [8, 4, 0, 3]
path18: [8, 4, 0, 8]
path19: [0, 8, 4, 2, 3]
path20: [0, 8, 4, 5, 3]
path21: [1, 6, 9, 5, 1]
path22: [5, 1, 6, 9, 5]
path23: [6, 9, 5, 1, 6]
path24: [9, 5, 1, 6, 9]
path25: [0, 8, 7, 3, 4, 0]
path26: [0, 8, 7, 3, 4, 2]
path27: [0, 9, 2, 3, 4, 0]
path28: [0, 9, 5, 1, 4, 0]
path29: [0, 9, 5, 3, 4, 0]
path30: [0, 9, 5, 3, 4, 2]
path31: [1, 4, 0, 9, 5, 1]
path32: [1, 4, 0, 9, 5, 3]
path33: [1, 6, 3, 4, 5, 1]
path34: [2, 3, 4, 0, 9, 2]
path35: [3, 4, 0, 8, 7, 3]
path36: [3, 4, 0, 9, 2, 3]
path37: [3, 4, 0, 9, 5, 3]
path38: [3, 4, 5, 1, 6, 3]
path39: [4, 0, 8, 7, 3, 4]
path40: [4, 0, 9, 2, 3, 4]
path41: [4, 0, 9, 5, 1, 4]
path42: [4, 0, 9, 5, 3, 4]
path43: [4, 5, 1, 6, 3, 4]
path44: [5, 1, 4, 0, 9, 5]
path45: [5, 1, 6, 3, 4, 5]
path46: [5, 3, 4, 0, 9, 2]
path47: [5, 3, 4, 0, 9, 5]
path48: [6, 3, 4, 5, 1, 6]
path49: [7, 3, 4, 0, 8, 7]
path50: [8, 4, 0, 9, 2, 3]
path51: [8, 4, 0, 9, 5, 3]
path52: [8, 7, 3, 4, 0, 8]
path53: [9, 2, 3, 4, 0, 9]
path54: [9, 5, 1, 4, 0, 9]
path55: [9, 5, 3, 4, 0, 9]
path56: [0, 8, 4, 5, 1, 6, 3]
path57: [0, 9, 5, 1, 4, 2, 3]
path58: [1, 6, 9, 5, 3, 4, 2]
path59: [5, 1, 4, 0, 9, 2, 3]
path60: [6, 9, 5, 1, 4, 0, 3]
path61: [6, 9, 5, 1, 4, 2, 3]
path62: [8, 7, 3, 4, 0, 9, 2]
path63: [0, 3, 4, 5, 1, 6, 9, 2]
path64: [0, 8, 7, 9, 2, 3, 4, 0]
path65: [0, 8, 7, 9, 5, 1, 4, 0]
path66: [0, 8, 7, 9, 5, 3, 4, 0]
path67: [0, 8, 7, 9, 5, 3, 4, 2]
path68: [0, 9, 2, 3, 4, 5, 1, 6]
path69: [0, 9, 5, 1, 6, 3, 4, 0]
path70: [0, 9, 5, 1, 6, 3, 4, 2]
path71: [1, 4, 0, 8, 7, 9, 5, 1]
path72: [1, 4, 0, 8, 7, 9, 5, 3]
path73: [1, 6, 3, 4, 0, 9, 5, 1]
path74: [1, 6, 9, 2, 3, 4, 5, 1]
path75: [2, 3, 4, 0, 8, 7, 9, 2]
path76: [2, 3, 4, 0, 9, 5, 1, 6]
path77: [2, 3, 4, 5, 1, 6, 9, 2]
path78: [3, 4, 0, 8, 7, 9, 2, 3]
path79: [3, 4, 0, 8, 7, 9, 5, 3]
path80: [3, 4, 0, 9, 5, 1, 6, 3]
path81: [3, 4, 5, 1, 6, 9, 2, 3]
path82: [4, 0, 8, 7, 9, 2, 3, 4]
path83: [4, 0, 8, 7, 9, 5, 1, 4]
path84: [4, 0, 8, 7, 9, 5, 3, 4]
path85: [4, 0, 9, 5, 1, 6, 3, 4]
path86: [4, 5, 1, 6, 9, 2, 3, 4]
path87: [5, 1, 4, 0, 8, 7, 9, 5]
path88: [5, 1, 6, 3, 4, 0, 9, 2]
path89: [5, 1, 6, 3, 4, 0, 9, 5]
path90: [5, 1, 6, 9, 2, 3, 4, 5]
path91: [5, 3, 4, 0, 8, 7, 9, 2]
path92: [5, 3, 4, 0, 8, 7, 9, 5]
path93: [6, 3, 4, 0, 9, 5, 1, 6]
path94: [6, 9, 2, 3, 4, 5, 1, 6]
path95: [7, 9, 2, 3, 4, 0, 8, 7]
path96: [7, 9, 5, 1, 4, 0, 8, 7]
path97: [7, 9, 5, 3, 4, 0, 8, 7]
path98: [8, 4, 0, 9, 5, 1, 6, 3]
path99: [8, 7, 9, 2, 3, 4, 0, 8]
path100: [8, 7, 9, 5, 1, 4, 0, 3]
path101: [8, 7, 9, 5, 1, 4, 0, 8]
path102: [8, 7, 9, 5, 3, 4, 0, 8]
path103: [9, 2, 3, 4, 0, 8, 7, 9]
path104: [9, 2, 3, 4, 5, 1, 6, 9]
path105: [9, 5, 1, 4, 0, 8, 7, 9]
path106: [9, 5, 1, 6, 3, 4, 0, 9]
path107: [9, 5, 3, 4, 0, 8, 7, 9]
path108: [0, 8, 4, 5, 1, 6, 9, 2, 3]
path109: [0, 8, 7, 9, 5, 1, 4, 2, 3]
path110: [1, 6, 9, 5, 3, 4, 0, 8, 7]
path111: [5, 1, 4, 0, 8, 7, 9, 2, 3]
path112: [6, 9, 5, 1, 4, 0, 8, 7, 3]
path113: [8, 7, 3, 4, 0, 9, 5, 1, 6]
path114: [0, 8, 7, 3, 4, 5, 1, 6, 9, 2]
path115: [0, 8, 7, 9, 2, 3, 4, 5, 1, 6]
path116: [0, 8, 7, 9, 5, 1, 6, 3, 4, 0]
path117: [0, 8, 7, 9, 5, 1, 6, 3, 4, 2]
path118: [1, 6, 3, 4, 0, 8, 7, 9, 5, 1]
path119: [2, 3, 4, 0, 8, 7, 9, 5, 1, 6]
path120: [3, 4, 0, 8, 7, 9, 5, 1, 6, 3]
path121: [4, 0, 8, 7, 9, 5, 1, 6, 3, 4]
path122: [5, 1, 6, 3, 4, 0, 8, 7, 9, 2]
path123: [5, 1, 6, 3, 4, 0, 8, 7, 9, 5]
path124: [5, 1, 6, 9, 2, 3, 4, 0, 8, 7]
path125: [6, 3, 4, 0, 8, 7, 9, 5, 1, 6]
path126: [7, 9, 5, 1, 6, 3, 4, 0, 8, 7]
path127: [8, 7, 9, 5, 1, 6, 3, 4, 0, 8]
path128: [9, 5, 1, 6, 3, 4, 0, 8, 7, 9]
