graph = {
	0, [1, 3, 4, 5]
	1, [7, 0, 3, 6, 2]
	2, [9, 3]
	3, [2, 9]
	4, [6]
	5, [7, 4, 9]
	6, [4, 3, 2]
	7, [8, 5]
	8, [0, 3, 1, 6, 2]
	9, [2, 1]
}
the number of primePath:518
path1: [0, 1, 0]
path2: [1, 0, 1]
path3: [2, 3, 2]
path4: [2, 9, 2]
path5: [3, 2, 3]
path6: [4, 6, 4]
path7: [5, 7, 5]
path8: [6, 4, 6]
path9: [7, 5, 7]
path10: [9, 2, 9]
path11: [1, 2, 9, 1]
path12: [1, 3, 9, 1]
path13: [1, 7, 8, 1]
path14: [2, 3, 9, 2]
path15: [2, 9, 1, 2]
path16: [3, 9, 1, 3]
path17: [3, 9, 2, 3]
path18: [7, 8, 1, 7]
path19: [8, 1, 7, 8]
path20: [9, 1, 2, 9]
path21: [9, 1, 3, 9]
path22: [9, 2, 3, 9]
path23: [0, 1, 7, 8, 0]
path24: [0, 3, 9, 1, 0]
path25: [0, 5, 7, 8, 0]
path26: [0, 5, 9, 1, 0]
path27: [1, 0, 3, 9, 1]
path28: [1, 0, 5, 9, 1]
path29: [1, 2, 3, 9, 1]
path30: [1, 3, 2, 9, 1]
path31: [1, 6, 2, 9, 1]
path32: [1, 6, 3, 9, 1]
path33: [1, 7, 5, 9, 1]
path34: [1, 7, 8, 0, 1]
path35: [2, 3, 9, 1, 2]
path36: [2, 9, 1, 3, 2]
path37: [2, 9, 1, 6, 2]
path38: [3, 2, 9, 1, 3]
path39: [3, 9, 1, 0, 3]
path40: [3, 9, 1, 2, 3]
path41: [3, 9, 1, 6, 3]
path42: [5, 7, 8, 0, 5]
path43: [5, 9, 1, 0, 5]
path44: [5, 9, 1, 7, 5]
path45: [6, 2, 9, 1, 6]
path46: [6, 3, 9, 1, 6]
path47: [7, 5, 9, 1, 7]
path48: [7, 8, 0, 1, 7]
path49: [7, 8, 0, 5, 7]
path50: [8, 0, 1, 7, 8]
path51: [8, 0, 5, 7, 8]
path52: [9, 1, 0, 3, 9]
path53: [9, 1, 0, 5, 9]
path54: [9, 1, 2, 3, 9]
path55: [9, 1, 3, 2, 9]
path56: [9, 1, 6, 2, 9]
path57: [9, 1, 6, 3, 9]
path58: [9, 1, 7, 5, 9]
path59: [0, 1, 7, 8, 2, 9]
path60: [0, 1, 7, 8, 6, 4]
path61: [0, 3, 2, 9, 1, 0]
path62: [0, 5, 7, 8, 1, 0]
path63: [1, 0, 3, 2, 9, 1]
path64: [1, 0, 5, 7, 8, 1]
path65: [1, 6, 2, 3, 9, 1]
path66: [1, 6, 3, 2, 9, 1]
path67: [1, 7, 8, 2, 9, 1]
path68: [1, 7, 8, 3, 9, 1]
path69: [2, 3, 9, 1, 6, 2]
path70: [2, 9, 1, 0, 3, 2]
path71: [2, 9, 1, 6, 3, 2]
path72: [2, 9, 1, 7, 8, 2]
path73: [3, 2, 9, 1, 0, 3]
path74: [3, 2, 9, 1, 6, 3]
path75: [3, 9, 1, 6, 2, 3]
path76: [3, 9, 1, 7, 8, 3]
path77: [5, 7, 8, 1, 0, 5]
path78: [6, 2, 3, 9, 1, 6]
path79: [6, 3, 2, 9, 1, 6]
path80: [7, 5, 9, 1, 2, 3]
path81: [7, 5, 9, 1, 3, 2]
path82: [7, 5, 9, 1, 6, 4]
path83: [7, 8, 1, 0, 5, 7]
path84: [7, 8, 2, 9, 1, 7]
path85: [7, 8, 3, 9, 1, 7]
path86: [8, 1, 0, 5, 7, 8]
path87: [8, 2, 9, 1, 7, 8]
path88: [8, 3, 9, 1, 7, 8]
path89: [9, 1, 0, 3, 2, 9]
path90: [9, 1, 6, 2, 3, 9]
path91: [9, 1, 6, 3, 2, 9]
path92: [9, 1, 7, 8, 2, 9]
path93: [9, 1, 7, 8, 3, 9]
path94: [0, 1, 7, 8, 2, 3, 9]
path95: [0, 1, 7, 8, 3, 2, 9]
path96: [0, 1, 7, 8, 3, 9, 2]
path97: [0, 1, 7, 8, 6, 2, 9]
path98: [0, 3, 9, 1, 7, 8, 0]
path99: [0, 3, 9, 1, 7, 8, 2]
path100: [0, 4, 6, 2, 9, 1, 0]
path101: [0, 4, 6, 3, 9, 1, 0]
path102: [0, 5, 7, 8, 1, 2, 9]
path103: [0, 5, 7, 8, 1, 6, 4]
path104: [0, 5, 9, 1, 7, 8, 0]
path105: [1, 0, 4, 6, 2, 9, 1]
path106: [1, 0, 4, 6, 3, 9, 1]
path107: [1, 7, 8, 0, 3, 9, 1]
path108: [1, 7, 8, 0, 3, 9, 2]
path109: [1, 7, 8, 0, 5, 9, 1]
path110: [1, 7, 8, 2, 3, 9, 1]
path111: [1, 7, 8, 3, 2, 9, 1]
path112: [1, 7, 8, 6, 2, 9, 1]
path113: [1, 7, 8, 6, 3, 9, 1]
path114: [2, 3, 9, 1, 7, 8, 2]
path115: [2, 9, 1, 0, 4, 6, 2]
path116: [2, 9, 1, 7, 8, 3, 2]
path117: [2, 9, 1, 7, 8, 6, 2]
path118: [3, 2, 9, 1, 7, 8, 3]
path119: [3, 9, 1, 0, 4, 6, 3]
path120: [3, 9, 1, 7, 8, 0, 3]
path121: [3, 9, 1, 7, 8, 2, 3]
path122: [3, 9, 1, 7, 8, 6, 3]
path123: [4, 6, 2, 9, 1, 0, 4]
path124: [4, 6, 3, 9, 1, 0, 4]
path125: [5, 7, 8, 0, 1, 2, 9]
path126: [5, 7, 8, 0, 1, 6, 4]
path127: [5, 7, 8, 0, 3, 9, 2]
path128: [5, 9, 1, 7, 8, 0, 5]
path129: [6, 2, 9, 1, 0, 4, 6]
path130: [6, 2, 9, 1, 7, 8, 6]
path131: [6, 3, 9, 1, 0, 4, 6]
path132: [6, 3, 9, 1, 7, 8, 6]
path133: [7, 5, 9, 1, 0, 3, 2]
path134: [7, 5, 9, 1, 6, 2, 3]
path135: [7, 5, 9, 1, 6, 3, 2]
path136: [7, 8, 0, 3, 9, 1, 7]
path137: [7, 8, 0, 5, 9, 1, 7]
path138: [7, 8, 2, 3, 9, 1, 7]
path139: [7, 8, 3, 2, 9, 1, 7]
path140: [7, 8, 6, 2, 9, 1, 7]
path141: [7, 8, 6, 3, 9, 1, 7]
path142: [8, 0, 3, 9, 1, 7, 8]
path143: [8, 0, 5, 9, 1, 7, 8]
path144: [8, 1, 7, 5, 9, 2, 3]
path145: [8, 2, 3, 9, 1, 7, 8]
path146: [8, 3, 2, 9, 1, 7, 8]
path147: [8, 6, 2, 9, 1, 7, 8]
path148: [8, 6, 3, 9, 1, 7, 8]
path149: [9, 1, 0, 4, 6, 2, 9]
path150: [9, 1, 0, 4, 6, 3, 9]
path151: [9, 1, 7, 8, 0, 3, 9]
path152: [9, 1, 7, 8, 0, 5, 9]
path153: [9, 1, 7, 8, 2, 3, 9]
path154: [9, 1, 7, 8, 3, 2, 9]
path155: [9, 1, 7, 8, 6, 2, 9]
path156: [9, 1, 7, 8, 6, 3, 9]
path157: [0, 1, 7, 8, 6, 2, 3, 9]
path158: [0, 1, 7, 8, 6, 3, 2, 9]
path159: [0, 1, 7, 8, 6, 3, 9, 2]
path160: [0, 3, 2, 9, 1, 7, 8, 0]
path161: [0, 3, 9, 1, 7, 8, 6, 2]
path162: [0, 3, 9, 1, 7, 8, 6, 4]
path163: [0, 4, 6, 2, 3, 9, 1, 0]
path164: [0, 4, 6, 3, 2, 9, 1, 0]
path165: [0, 5, 4, 6, 2, 9, 1, 0]
path166: [0, 5, 4, 6, 3, 9, 1, 0]
path167: [0, 5, 7, 8, 1, 2, 3, 9]
path168: [0, 5, 7, 8, 1, 3, 2, 9]
path169: [0, 5, 7, 8, 1, 3, 9, 2]
path170: [0, 5, 7, 8, 1, 6, 2, 9]
path171: [0, 5, 7, 8, 2, 9, 1, 0]
path172: [0, 5, 7, 8, 2, 9, 1, 3]
path173: [0, 5, 7, 8, 3, 9, 1, 0]
path174: [0, 5, 7, 8, 3, 9, 1, 2]
path175: [0, 5, 9, 1, 7, 8, 2, 3]
path176: [0, 5, 9, 1, 7, 8, 3, 2]
path177: [0, 5, 9, 1, 7, 8, 6, 4]
path178: [1, 0, 4, 6, 2, 3, 9, 1]
path179: [1, 0, 4, 6, 3, 2, 9, 1]
path180: [1, 0, 5, 4, 6, 2, 9, 1]
path181: [1, 0, 5, 4, 6, 3, 9, 1]
path182: [1, 0, 5, 7, 8, 2, 9, 1]
path183: [1, 0, 5, 7, 8, 3, 9, 1]
path184: [1, 0, 5, 7, 8, 3, 9, 2]
path185: [1, 7, 5, 4, 6, 2, 9, 1]
path186: [1, 7, 5, 4, 6, 3, 9, 1]
path187: [1, 7, 8, 0, 3, 2, 9, 1]
path188: [1, 7, 8, 0, 5, 9, 2, 3]
path189: [1, 7, 8, 6, 2, 3, 9, 1]
path190: [1, 7, 8, 6, 3, 2, 9, 1]
path191: [2, 3, 9, 1, 0, 4, 6, 2]
path192: [2, 3, 9, 1, 7, 8, 6, 2]
path193: [2, 3, 9, 1, 7, 8, 6, 4]
path194: [2, 9, 1, 0, 4, 6, 3, 2]
path195: [2, 9, 1, 0, 5, 4, 6, 2]
path196: [2, 9, 1, 0, 5, 7, 8, 2]
path197: [2, 9, 1, 7, 5, 4, 6, 2]
path198: [2, 9, 1, 7, 8, 0, 3, 2]
path199: [2, 9, 1, 7, 8, 6, 3, 2]
path200: [3, 2, 9, 1, 0, 4, 6, 3]
path201: [3, 2, 9, 1, 7, 8, 0, 3]
path202: [3, 2, 9, 1, 7, 8, 6, 3]
path203: [3, 9, 1, 0, 4, 6, 2, 3]
path204: [3, 9, 1, 0, 5, 4, 6, 3]
path205: [3, 9, 1, 0, 5, 7, 8, 3]
path206: [3, 9, 1, 7, 5, 4, 6, 3]
path207: [3, 9, 1, 7, 8, 6, 2, 3]
path208: [4, 6, 2, 3, 9, 1, 0, 4]
path209: [4, 6, 2, 9, 1, 0, 5, 4]
path210: [4, 6, 2, 9, 1, 7, 5, 4]
path211: [4, 6, 3, 2, 9, 1, 0, 4]
path212: [4, 6, 3, 9, 1, 0, 5, 4]
path213: [4, 6, 3, 9, 1, 7, 5, 4]
path214: [5, 4, 6, 2, 9, 1, 0, 5]
path215: [5, 4, 6, 2, 9, 1, 7, 5]
path216: [5, 4, 6, 3, 9, 1, 0, 5]
path217: [5, 4, 6, 3, 9, 1, 7, 5]
path218: [5, 7, 8, 0, 1, 2, 3, 9]
path219: [5, 7, 8, 0, 1, 3, 2, 9]
path220: [5, 7, 8, 0, 1, 3, 9, 2]
path221: [5, 7, 8, 0, 1, 6, 2, 9]
path222: [5, 7, 8, 0, 3, 9, 1, 2]
path223: [5, 7, 8, 1, 0, 3, 2, 9]
path224: [5, 7, 8, 1, 0, 3, 9, 2]
path225: [5, 7, 8, 2, 9, 1, 0, 3]
path226: [5, 7, 8, 2, 9, 1, 0, 5]
path227: [5, 7, 8, 3, 9, 1, 0, 5]
path228: [5, 9, 1, 7, 8, 0, 3, 2]
path229: [6, 2, 3, 9, 1, 0, 4, 6]
path230: [6, 2, 3, 9, 1, 7, 8, 6]
path231: [6, 2, 9, 1, 0, 5, 4, 6]
path232: [6, 2, 9, 1, 7, 5, 4, 6]
path233: [6, 3, 2, 9, 1, 0, 4, 6]
path234: [6, 3, 2, 9, 1, 7, 8, 6]
path235: [6, 3, 9, 1, 0, 5, 4, 6]
path236: [6, 3, 9, 1, 7, 5, 4, 6]
path237: [7, 5, 4, 6, 2, 9, 1, 3]
path238: [7, 5, 4, 6, 2, 9, 1, 7]
path239: [7, 5, 4, 6, 3, 9, 1, 0]
path240: [7, 5, 4, 6, 3, 9, 1, 2]
path241: [7, 5, 4, 6, 3, 9, 1, 7]
path242: [7, 8, 0, 3, 2, 9, 1, 7]
path243: [7, 8, 0, 5, 9, 1, 2, 3]
path244: [7, 8, 0, 5, 9, 1, 3, 2]
path245: [7, 8, 0, 5, 9, 1, 6, 4]
path246: [7, 8, 1, 0, 5, 9, 2, 3]
path247: [7, 8, 2, 9, 1, 0, 5, 7]
path248: [7, 8, 3, 9, 1, 0, 5, 7]
path249: [7, 8, 6, 2, 3, 9, 1, 7]
path250: [7, 8, 6, 3, 2, 9, 1, 7]
path251: [8, 0, 1, 7, 5, 9, 2, 3]
path252: [8, 0, 3, 2, 9, 1, 7, 8]
path253: [8, 1, 7, 5, 4, 6, 2, 9]
path254: [8, 2, 9, 1, 0, 5, 7, 8]
path255: [8, 3, 9, 1, 0, 5, 7, 8]
path256: [8, 6, 2, 3, 9, 1, 7, 8]
path257: [8, 6, 2, 9, 1, 7, 5, 4]
path258: [8, 6, 3, 2, 9, 1, 7, 8]
path259: [8, 6, 3, 9, 1, 7, 5, 4]
path260: [9, 1, 0, 4, 6, 2, 3, 9]
path261: [9, 1, 0, 4, 6, 3, 2, 9]
path262: [9, 1, 0, 5, 4, 6, 2, 9]
path263: [9, 1, 0, 5, 4, 6, 3, 9]
path264: [9, 1, 0, 5, 7, 8, 2, 9]
path265: [9, 1, 0, 5, 7, 8, 3, 9]
path266: [9, 1, 7, 5, 4, 6, 2, 9]
path267: [9, 1, 7, 5, 4, 6, 3, 9]
path268: [9, 1, 7, 8, 0, 3, 2, 9]
path269: [9, 1, 7, 8, 6, 2, 3, 9]
path270: [9, 1, 7, 8, 6, 3, 2, 9]
path271: [0, 3, 2, 9, 1, 7, 8, 6, 4]
path272: [0, 4, 6, 2, 9, 1, 7, 8, 0]
path273: [0, 4, 6, 2, 9, 1, 7, 8, 3]
path274: [0, 4, 6, 3, 9, 1, 7, 8, 0]
path275: [0, 4, 6, 3, 9, 1, 7, 8, 2]
path276: [0, 5, 4, 6, 2, 3, 9, 1, 0]
path277: [0, 5, 4, 6, 3, 2, 9, 1, 0]
path278: [0, 5, 7, 8, 1, 6, 2, 3, 9]
path279: [0, 5, 7, 8, 1, 6, 3, 2, 9]
path280: [0, 5, 7, 8, 1, 6, 3, 9, 2]
path281: [0, 5, 7, 8, 2, 3, 9, 1, 0]
path282: [0, 5, 7, 8, 2, 9, 1, 6, 3]
path283: [0, 5, 7, 8, 2, 9, 1, 6, 4]
path284: [0, 5, 7, 8, 3, 2, 9, 1, 0]
path285: [0, 5, 7, 8, 3, 9, 1, 6, 2]
path286: [0, 5, 7, 8, 3, 9, 1, 6, 4]
path287: [0, 5, 7, 8, 6, 2, 9, 1, 0]
path288: [0, 5, 7, 8, 6, 2, 9, 1, 3]
path289: [0, 5, 7, 8, 6, 3, 9, 1, 0]
path290: [0, 5, 7, 8, 6, 3, 9, 1, 2]
path291: [0, 5, 9, 1, 7, 8, 6, 2, 3]
path292: [0, 5, 9, 1, 7, 8, 6, 3, 2]
path293: [1, 0, 5, 4, 6, 2, 3, 9, 1]
path294: [1, 0, 5, 4, 6, 3, 2, 9, 1]
path295: [1, 0, 5, 7, 8, 2, 3, 9, 1]
path296: [1, 0, 5, 7, 8, 3, 2, 9, 1]
path297: [1, 0, 5, 7, 8, 6, 2, 9, 1]
path298: [1, 0, 5, 7, 8, 6, 3, 9, 1]
path299: [1, 0, 5, 7, 8, 6, 3, 9, 2]
path300: [1, 7, 5, 4, 6, 2, 3, 9, 1]
path301: [1, 7, 5, 4, 6, 3, 2, 9, 1]
path302: [1, 7, 8, 0, 4, 6, 2, 9, 1]
path303: [1, 7, 8, 0, 4, 6, 3, 9, 1]
path304: [1, 7, 8, 0, 4, 6, 3, 9, 2]
path305: [2, 3, 9, 1, 0, 5, 4, 6, 2]
path306: [2, 3, 9, 1, 0, 5, 7, 8, 2]
path307: [2, 3, 9, 1, 7, 5, 4, 6, 2]
path308: [2, 9, 1, 0, 5, 4, 6, 3, 2]
path309: [2, 9, 1, 0, 5, 7, 8, 3, 2]
path310: [2, 9, 1, 0, 5, 7, 8, 6, 2]
path311: [2, 9, 1, 7, 5, 4, 6, 3, 2]
path312: [2, 9, 1, 7, 8, 0, 4, 6, 2]
path313: [3, 2, 9, 1, 0, 5, 4, 6, 3]
path314: [3, 2, 9, 1, 0, 5, 7, 8, 3]
path315: [3, 2, 9, 1, 7, 5, 4, 6, 3]
path316: [3, 9, 1, 0, 5, 4, 6, 2, 3]
path317: [3, 9, 1, 0, 5, 7, 8, 2, 3]
path318: [3, 9, 1, 0, 5, 7, 8, 6, 3]
path319: [3, 9, 1, 7, 5, 4, 6, 2, 3]
path320: [3, 9, 1, 7, 8, 0, 4, 6, 3]
path321: [4, 6, 2, 3, 9, 1, 0, 5, 4]
path322: [4, 6, 2, 3, 9, 1, 7, 5, 4]
path323: [4, 6, 2, 9, 1, 7, 8, 0, 4]
path324: [4, 6, 3, 2, 9, 1, 0, 5, 4]
path325: [4, 6, 3, 2, 9, 1, 7, 5, 4]
path326: [4, 6, 3, 9, 1, 7, 8, 0, 4]
path327: [5, 4, 6, 2, 3, 9, 1, 0, 5]
path328: [5, 4, 6, 2, 3, 9, 1, 7, 5]
path329: [5, 4, 6, 3, 2, 9, 1, 0, 5]
path330: [5, 4, 6, 3, 2, 9, 1, 7, 5]
path331: [5, 7, 8, 0, 1, 6, 2, 3, 9]
path332: [5, 7, 8, 0, 1, 6, 3, 2, 9]
path333: [5, 7, 8, 0, 1, 6, 3, 9, 2]
path334: [5, 7, 8, 0, 3, 9, 1, 6, 2]
path335: [5, 7, 8, 0, 3, 9, 1, 6, 4]
path336: [5, 7, 8, 0, 4, 6, 3, 9, 2]
path337: [5, 7, 8, 1, 0, 4, 6, 2, 9]
path338: [5, 7, 8, 2, 3, 9, 1, 0, 5]
path339: [5, 7, 8, 3, 2, 9, 1, 0, 5]
path340: [5, 7, 8, 6, 2, 9, 1, 0, 3]
path341: [5, 7, 8, 6, 2, 9, 1, 0, 4]
path342: [5, 7, 8, 6, 2, 9, 1, 0, 5]
path343: [5, 7, 8, 6, 3, 9, 1, 0, 4]
path344: [5, 7, 8, 6, 3, 9, 1, 0, 5]
path345: [6, 2, 3, 9, 1, 0, 5, 4, 6]
path346: [6, 2, 3, 9, 1, 7, 5, 4, 6]
path347: [6, 2, 9, 1, 0, 5, 7, 8, 6]
path348: [6, 2, 9, 1, 7, 8, 0, 4, 6]
path349: [6, 3, 2, 9, 1, 0, 5, 4, 6]
path350: [6, 3, 2, 9, 1, 7, 5, 4, 6]
path351: [6, 3, 9, 1, 0, 5, 7, 8, 6]
path352: [6, 3, 9, 1, 7, 8, 0, 4, 6]
path353: [7, 5, 4, 6, 2, 3, 9, 1, 0]
path354: [7, 5, 4, 6, 2, 3, 9, 1, 7]
path355: [7, 5, 4, 6, 2, 9, 1, 0, 3]
path356: [7, 5, 4, 6, 3, 2, 9, 1, 0]
path357: [7, 5, 4, 6, 3, 2, 9, 1, 7]
path358: [7, 5, 9, 1, 0, 4, 6, 2, 3]
path359: [7, 5, 9, 1, 0, 4, 6, 3, 2]
path360: [7, 8, 0, 4, 6, 2, 9, 1, 7]
path361: [7, 8, 0, 4, 6, 3, 9, 1, 7]
path362: [7, 8, 0, 5, 9, 1, 6, 2, 3]
path363: [7, 8, 0, 5, 9, 1, 6, 3, 2]
path364: [7, 8, 1, 0, 5, 4, 6, 2, 9]
path365: [7, 8, 2, 3, 9, 1, 0, 5, 7]
path366: [7, 8, 3, 2, 9, 1, 0, 5, 7]
path367: [7, 8, 6, 2, 9, 1, 0, 5, 4]
path368: [7, 8, 6, 2, 9, 1, 0, 5, 7]
path369: [7, 8, 6, 3, 9, 1, 0, 5, 4]
path370: [7, 8, 6, 3, 9, 1, 0, 5, 7]
path371: [8, 0, 1, 7, 5, 4, 6, 2, 9]
path372: [8, 0, 4, 6, 2, 9, 1, 7, 5]
path373: [8, 0, 4, 6, 2, 9, 1, 7, 8]
path374: [8, 0, 4, 6, 3, 9, 1, 7, 5]
path375: [8, 0, 4, 6, 3, 9, 1, 7, 8]
path376: [8, 1, 7, 5, 4, 6, 2, 3, 9]
path377: [8, 1, 7, 5, 4, 6, 3, 2, 9]
path378: [8, 1, 7, 5, 4, 6, 3, 9, 2]
path379: [8, 2, 3, 9, 1, 0, 5, 7, 8]
path380: [8, 2, 3, 9, 1, 7, 5, 4, 6]
path381: [8, 2, 9, 1, 7, 5, 4, 6, 3]
path382: [8, 3, 2, 9, 1, 0, 5, 7, 8]
path383: [8, 3, 2, 9, 1, 7, 5, 4, 6]
path384: [8, 3, 9, 1, 7, 5, 4, 6, 2]
path385: [8, 6, 2, 3, 9, 1, 7, 5, 4]
path386: [8, 6, 2, 9, 1, 0, 5, 7, 8]
path387: [8, 6, 3, 2, 9, 1, 7, 5, 4]
path388: [8, 6, 3, 9, 1, 0, 5, 7, 8]
path389: [9, 1, 0, 5, 4, 6, 2, 3, 9]
path390: [9, 1, 0, 5, 4, 6, 3, 2, 9]
path391: [9, 1, 0, 5, 7, 8, 2, 3, 9]
path392: [9, 1, 0, 5, 7, 8, 3, 2, 9]
path393: [9, 1, 0, 5, 7, 8, 6, 2, 9]
path394: [9, 1, 0, 5, 7, 8, 6, 3, 9]
path395: [9, 1, 7, 5, 4, 6, 2, 3, 9]
path396: [9, 1, 7, 5, 4, 6, 3, 2, 9]
path397: [9, 1, 7, 8, 0, 4, 6, 2, 9]
path398: [9, 1, 7, 8, 0, 4, 6, 3, 9]
path399: [0, 4, 6, 2, 3, 9, 1, 7, 8, 0]
path400: [0, 4, 6, 3, 2, 9, 1, 7, 8, 0]
path401: [0, 5, 4, 6, 2, 9, 1, 7, 8, 0]
path402: [0, 5, 4, 6, 2, 9, 1, 7, 8, 3]
path403: [0, 5, 4, 6, 3, 9, 1, 7, 8, 0]
path404: [0, 5, 4, 6, 3, 9, 1, 7, 8, 2]
path405: [0, 5, 7, 8, 2, 3, 9, 1, 6, 4]
path406: [0, 5, 7, 8, 3, 2, 9, 1, 6, 4]
path407: [0, 5, 7, 8, 6, 2, 3, 9, 1, 0]
path408: [0, 5, 7, 8, 6, 3, 2, 9, 1, 0]
path409: [1, 0, 5, 7, 8, 6, 2, 3, 9, 1]
path410: [1, 0, 5, 7, 8, 6, 3, 2, 9, 1]
path411: [1, 7, 8, 0, 4, 6, 2, 3, 9, 1]
path412: [1, 7, 8, 0, 4, 6, 3, 2, 9, 1]
path413: [1, 7, 8, 0, 5, 4, 6, 2, 9, 1]
path414: [1, 7, 8, 0, 5, 4, 6, 3, 9, 1]
path415: [1, 7, 8, 0, 5, 4, 6, 3, 9, 2]
path416: [2, 3, 9, 1, 0, 5, 7, 8, 6, 2]
path417: [2, 3, 9, 1, 0, 5, 7, 8, 6, 4]
path418: [2, 3, 9, 1, 7, 8, 0, 4, 6, 2]
path419: [2, 9, 1, 0, 5, 7, 8, 6, 3, 2]
path420: [2, 9, 1, 7, 8, 0, 4, 6, 3, 2]
path421: [2, 9, 1, 7, 8, 0, 5, 4, 6, 2]
path422: [3, 2, 9, 1, 0, 5, 7, 8, 6, 3]
path423: [3, 2, 9, 1, 0, 5, 7, 8, 6, 4]
path424: [3, 2, 9, 1, 7, 8, 0, 4, 6, 3]
path425: [3, 9, 1, 0, 5, 7, 8, 6, 2, 3]
path426: [3, 9, 1, 7, 8, 0, 4, 6, 2, 3]
path427: [3, 9, 1, 7, 8, 0, 5, 4, 6, 3]
path428: [4, 6, 2, 3, 9, 1, 0, 5, 7, 8]
path429: [4, 6, 2, 3, 9, 1, 7, 8, 0, 4]
path430: [4, 6, 2, 9, 1, 0, 5, 7, 8, 3]
path431: [4, 6, 2, 9, 1, 7, 8, 0, 5, 4]
path432: [4, 6, 3, 2, 9, 1, 0, 5, 7, 8]
path433: [4, 6, 3, 2, 9, 1, 7, 8, 0, 4]
path434: [4, 6, 3, 9, 1, 0, 5, 7, 8, 2]
path435: [4, 6, 3, 9, 1, 7, 8, 0, 5, 4]
path436: [5, 4, 6, 2, 9, 1, 7, 8, 0, 3]
path437: [5, 4, 6, 2, 9, 1, 7, 8, 0, 5]
path438: [5, 4, 6, 3, 9, 1, 7, 8, 0, 5]
path439: [5, 7, 8, 0, 3, 2, 9, 1, 6, 4]
path440: [5, 7, 8, 0, 4, 6, 2, 3, 9, 1]
path441: [5, 7, 8, 0, 4, 6, 2, 9, 1, 3]
path442: [5, 7, 8, 0, 4, 6, 3, 2, 9, 1]
path443: [5, 7, 8, 0, 4, 6, 3, 9, 1, 2]
path444: [5, 7, 8, 1, 0, 4, 6, 2, 3, 9]
path445: [5, 7, 8, 1, 0, 4, 6, 3, 2, 9]
path446: [5, 7, 8, 1, 0, 4, 6, 3, 9, 2]
path447: [5, 7, 8, 2, 3, 9, 1, 0, 4, 6]
path448: [5, 7, 8, 2, 9, 1, 0, 4, 6, 3]
path449: [5, 7, 8, 3, 2, 9, 1, 0, 4, 6]
path450: [5, 7, 8, 3, 9, 1, 0, 4, 6, 2]
path451: [5, 7, 8, 6, 2, 3, 9, 1, 0, 4]
path452: [5, 7, 8, 6, 2, 3, 9, 1, 0, 5]
path453: [5, 7, 8, 6, 3, 2, 9, 1, 0, 4]
path454: [5, 7, 8, 6, 3, 2, 9, 1, 0, 5]
path455: [5, 9, 1, 7, 8, 0, 4, 6, 2, 3]
path456: [5, 9, 1, 7, 8, 0, 4, 6, 3, 2]
path457: [6, 2, 3, 9, 1, 0, 5, 7, 8, 6]
path458: [6, 2, 3, 9, 1, 7, 8, 0, 4, 6]
path459: [6, 2, 9, 1, 7, 8, 0, 5, 4, 6]
path460: [6, 3, 2, 9, 1, 0, 5, 7, 8, 6]
path461: [6, 3, 2, 9, 1, 7, 8, 0, 4, 6]
path462: [6, 3, 9, 1, 7, 8, 0, 5, 4, 6]
path463: [7, 8, 0, 4, 6, 2, 3, 9, 1, 7]
path464: [7, 8, 0, 4, 6, 3, 2, 9, 1, 7]
path465: [7, 8, 0, 5, 4, 6, 2, 9, 1, 3]
path466: [7, 8, 0, 5, 4, 6, 2, 9, 1, 7]
path467: [7, 8, 0, 5, 4, 6, 3, 9, 1, 2]
path468: [7, 8, 0, 5, 4, 6, 3, 9, 1, 7]
path469: [7, 8, 1, 0, 5, 4, 6, 2, 3, 9]
path470: [7, 8, 1, 0, 5, 4, 6, 3, 2, 9]
path471: [7, 8, 1, 0, 5, 4, 6, 3, 9, 2]
path472: [7, 8, 2, 3, 9, 1, 0, 5, 4, 6]
path473: [7, 8, 2, 9, 1, 0, 5, 4, 6, 3]
path474: [7, 8, 3, 2, 9, 1, 0, 5, 4, 6]
path475: [7, 8, 3, 9, 1, 0, 5, 4, 6, 2]
path476: [7, 8, 6, 2, 3, 9, 1, 0, 5, 4]
path477: [7, 8, 6, 2, 3, 9, 1, 0, 5, 7]
path478: [7, 8, 6, 3, 2, 9, 1, 0, 5, 4]
path479: [7, 8, 6, 3, 2, 9, 1, 0, 5, 7]
path480: [8, 0, 1, 7, 5, 4, 6, 2, 3, 9]
path481: [8, 0, 1, 7, 5, 4, 6, 3, 2, 9]
path482: [8, 0, 1, 7, 5, 4, 6, 3, 9, 2]
path483: [8, 0, 3, 2, 9, 1, 7, 5, 4, 6]
path484: [8, 0, 3, 9, 1, 7, 5, 4, 6, 2]
path485: [8, 0, 4, 6, 2, 3, 9, 1, 7, 5]
path486: [8, 0, 4, 6, 2, 3, 9, 1, 7, 8]
path487: [8, 0, 4, 6, 3, 2, 9, 1, 7, 5]
path488: [8, 0, 4, 6, 3, 2, 9, 1, 7, 8]
path489: [8, 0, 5, 4, 6, 2, 9, 1, 7, 8]
path490: [8, 0, 5, 4, 6, 3, 9, 1, 7, 8]
path491: [8, 6, 2, 3, 9, 1, 0, 5, 7, 8]
path492: [8, 6, 3, 2, 9, 1, 0, 5, 7, 8]
path493: [9, 1, 0, 5, 7, 8, 6, 2, 3, 9]
path494: [9, 1, 0, 5, 7, 8, 6, 3, 2, 9]
path495: [9, 1, 7, 8, 0, 4, 6, 2, 3, 9]
path496: [9, 1, 7, 8, 0, 4, 6, 3, 2, 9]
path497: [9, 1, 7, 8, 0, 5, 4, 6, 2, 9]
path498: [9, 1, 7, 8, 0, 5, 4, 6, 3, 9]
path499: [0, 5, 4, 6, 2, 3, 9, 1, 7, 8, 0]
path500: [0, 5, 4, 6, 3, 2, 9, 1, 7, 8, 0]
path501: [1, 7, 8, 0, 5, 4, 6, 2, 3, 9, 1]
path502: [1, 7, 8, 0, 5, 4, 6, 3, 2, 9, 1]
path503: [2, 3, 9, 1, 7, 8, 0, 5, 4, 6, 2]
path504: [2, 9, 1, 7, 8, 0, 5, 4, 6, 3, 2]
path505: [3, 2, 9, 1, 7, 8, 0, 5, 4, 6, 3]
path506: [3, 9, 1, 7, 8, 0, 5, 4, 6, 2, 3]
path507: [4, 6, 2, 3, 9, 1, 7, 8, 0, 5, 4]
path508: [4, 6, 3, 2, 9, 1, 7, 8, 0, 5, 4]
path509: [5, 4, 6, 2, 3, 9, 1, 7, 8, 0, 5]
path510: [5, 4, 6, 3, 2, 9, 1, 7, 8, 0, 5]
path511: [6, 2, 3, 9, 1, 7, 8, 0, 5, 4, 6]
path512: [6, 3, 2, 9, 1, 7, 8, 0, 5, 4, 6]
path513: [7, 8, 0, 5, 4, 6, 2, 3, 9, 1, 7]
path514: [7, 8, 0, 5, 4, 6, 3, 2, 9, 1, 7]
path515: [8, 0, 5, 4, 6, 2, 3, 9, 1, 7, 8]
path516: [8, 0, 5, 4, 6, 3, 2, 9, 1, 7, 8]
path517: [9, 1, 7, 8, 0, 5, 4, 6, 2, 3, 9]
path518: [9, 1, 7, 8, 0, 5, 4, 6, 3, 2, 9]
