graph = {
	0, [6]
	1, [7, 3, 2, 8]
	2, [8]
	3, [2]
	4, [5, 6, 3]
	5, [8, 4, 6]
	6, [9, 5]
	7, [1]
	8, [5]
	9, [0, 8, 6, 3, 7, 4]
}
the number of primePath:135
path1: [1, 7, 1]
path2: [4, 5, 4]
path3: [5, 4, 5]
path4: [5, 6, 5]
path5: [5, 8, 5]
path6: [6, 5, 6]
path7: [6, 9, 6]
path8: [7, 1, 7]
path9: [8, 5, 8]
path10: [9, 6, 9]
path11: [0, 6, 9, 0]
path12: [4, 6, 5, 4]
path13: [4, 6, 9, 4]
path14: [5, 4, 6, 5]
path15: [6, 5, 4, 6]
path16: [6, 9, 0, 6]
path17: [6, 9, 4, 6]
path18: [9, 0, 6, 9]
path19: [9, 4, 6, 9]
path20: [9, 6, 5, 8]
path21: [4, 5, 6, 9, 0]
path22: [4, 5, 6, 9, 4]
path23: [4, 5, 6, 9, 8]
path24: [5, 6, 9, 4, 5]
path25: [5, 6, 9, 8, 5]
path26: [6, 9, 4, 5, 6]
path27: [6, 9, 8, 5, 6]
path28: [8, 5, 6, 9, 8]
path29: [9, 0, 6, 5, 8]
path30: [9, 4, 5, 6, 9]
path31: [9, 4, 6, 5, 8]
path32: [9, 8, 5, 6, 9]
path33: [0, 6, 9, 4, 5, 8]
path34: [2, 8, 5, 4, 3, 2]
path35: [3, 2, 8, 5, 4, 3]
path36: [4, 3, 2, 8, 5, 4]
path37: [4, 6, 9, 8, 5, 4]
path38: [5, 4, 3, 2, 8, 5]
path39: [5, 4, 6, 9, 8, 5]
path40: [6, 9, 8, 5, 4, 6]
path41: [8, 5, 4, 3, 2, 8]
path42: [8, 5, 4, 6, 9, 8]
path43: [9, 8, 5, 4, 6, 9]
path44: [1, 8, 5, 6, 9, 7, 1]
path45: [2, 8, 5, 6, 9, 3, 2]
path46: [3, 2, 8, 5, 6, 9, 3]
path47: [4, 5, 6, 9, 3, 2, 8]
path48: [4, 5, 6, 9, 7, 1, 8]
path49: [5, 6, 9, 3, 2, 8, 5]
path50: [5, 6, 9, 7, 1, 8, 5]
path51: [6, 9, 3, 2, 8, 5, 6]
path52: [6, 9, 7, 1, 8, 5, 6]
path53: [7, 1, 8, 5, 6, 9, 0]
path54: [7, 1, 8, 5, 6, 9, 7]
path55: [8, 5, 6, 9, 3, 2, 8]
path56: [8, 5, 6, 9, 7, 1, 8]
path57: [9, 3, 2, 8, 5, 6, 9]
path58: [9, 6, 5, 4, 3, 2, 8]
path59: [9, 7, 1, 8, 5, 6, 9]
path60: [0, 6, 9, 3, 2, 8, 5, 4]
path61: [0, 6, 9, 4, 3, 2, 8, 5]
path62: [0, 6, 9, 8, 5, 4, 3, 2]
path63: [1, 2, 8, 5, 6, 9, 7, 1]
path64: [1, 8, 5, 4, 6, 9, 7, 1]
path65: [2, 8, 5, 4, 6, 9, 3, 2]
path66: [2, 8, 5, 6, 9, 4, 3, 2]
path67: [2, 8, 5, 6, 9, 7, 1, 2]
path68: [3, 2, 8, 5, 4, 6, 9, 3]
path69: [3, 2, 8, 5, 6, 9, 4, 3]
path70: [4, 3, 2, 8, 5, 6, 9, 0]
path71: [4, 3, 2, 8, 5, 6, 9, 4]
path72: [4, 5, 6, 9, 7, 1, 2, 8]
path73: [4, 6, 9, 3, 2, 8, 5, 4]
path74: [4, 6, 9, 7, 1, 8, 5, 4]
path75: [5, 4, 6, 9, 3, 2, 8, 5]
path76: [5, 4, 6, 9, 7, 1, 8, 5]
path77: [5, 6, 9, 4, 3, 2, 8, 5]
path78: [5, 6, 9, 7, 1, 2, 8, 5]
path79: [6, 9, 3, 2, 8, 5, 4, 6]
path80: [6, 9, 4, 3, 2, 8, 5, 6]
path81: [6, 9, 7, 1, 2, 8, 5, 6]
path82: [6, 9, 7, 1, 8, 5, 4, 6]
path83: [7, 1, 2, 8, 5, 6, 9, 0]
path84: [7, 1, 2, 8, 5, 6, 9, 3]
path85: [7, 1, 2, 8, 5, 6, 9, 7]
path86: [7, 1, 8, 5, 4, 6, 9, 0]
path87: [7, 1, 8, 5, 4, 6, 9, 7]
path88: [7, 1, 8, 5, 6, 9, 3, 2]
path89: [8, 5, 4, 6, 9, 3, 2, 8]
path90: [8, 5, 4, 6, 9, 7, 1, 8]
path91: [8, 5, 6, 9, 4, 3, 2, 8]
path92: [8, 5, 6, 9, 7, 1, 2, 8]
path93: [9, 0, 6, 5, 4, 3, 2, 8]
path94: [9, 3, 2, 8, 5, 4, 6, 9]
path95: [9, 4, 3, 2, 8, 5, 6, 9]
path96: [9, 7, 1, 2, 8, 5, 6, 9]
path97: [9, 7, 1, 8, 5, 4, 6, 9]
path98: [1, 2, 8, 5, 4, 6, 9, 7, 1]
path99: [1, 3, 2, 8, 5, 6, 9, 7, 1]
path100: [2, 8, 5, 4, 6, 9, 7, 1, 2]
path101: [2, 8, 5, 6, 9, 7, 1, 3, 2]
path102: [3, 2, 8, 5, 6, 9, 7, 1, 3]
path103: [4, 3, 2, 8, 5, 6, 9, 7, 1]
path104: [4, 5, 6, 9, 7, 1, 3, 2, 8]
path105: [4, 6, 9, 7, 1, 2, 8, 5, 4]
path106: [5, 4, 6, 9, 7, 1, 2, 8, 5]
path107: [5, 6, 9, 7, 1, 3, 2, 8, 5]
path108: [6, 9, 7, 1, 2, 8, 5, 4, 6]
path109: [6, 9, 7, 1, 3, 2, 8, 5, 6]
path110: [7, 1, 2, 8, 5, 4, 6, 9, 0]
path111: [7, 1, 2, 8, 5, 4, 6, 9, 3]
path112: [7, 1, 2, 8, 5, 4, 6, 9, 7]
path113: [7, 1, 2, 8, 5, 6, 9, 4, 3]
path114: [7, 1, 3, 2, 8, 5, 6, 9, 0]
path115: [7, 1, 3, 2, 8, 5, 6, 9, 4]
path116: [7, 1, 3, 2, 8, 5, 6, 9, 7]
path117: [7, 1, 8, 5, 4, 6, 9, 3, 2]
path118: [7, 1, 8, 5, 6, 9, 4, 3, 2]
path119: [8, 5, 4, 6, 9, 7, 1, 2, 8]
path120: [8, 5, 6, 9, 7, 1, 3, 2, 8]
path121: [9, 7, 1, 2, 8, 5, 4, 6, 9]
path122: [9, 7, 1, 3, 2, 8, 5, 6, 9]
path123: [0, 6, 9, 7, 1, 2, 8, 5, 4, 3]
path124: [0, 6, 9, 7, 1, 3, 2, 8, 5, 4]
path125: [0, 6, 9, 7, 1, 8, 5, 4, 3, 2]
path126: [1, 3, 2, 8, 5, 4, 6, 9, 7, 1]
path127: [2, 8, 5, 4, 6, 9, 7, 1, 3, 2]
path128: [3, 2, 8, 5, 4, 6, 9, 7, 1, 3]
path129: [4, 6, 9, 7, 1, 3, 2, 8, 5, 4]
path130: [5, 4, 6, 9, 7, 1, 3, 2, 8, 5]
path131: [6, 9, 7, 1, 3, 2, 8, 5, 4, 6]
path132: [7, 1, 3, 2, 8, 5, 4, 6, 9, 0]
path133: [7, 1, 3, 2, 8, 5, 4, 6, 9, 7]
path134: [8, 5, 4, 6, 9, 7, 1, 3, 2, 8]
path135: [9, 7, 1, 3, 2, 8, 5, 4, 6, 9]
