graph = {
	0, [2]
	1, [8, 5, 3, 2]
	2, [4, 7, 6]
	3, [8, 9]
	4, [8, 2, 5]
	5, [3, 0, 1, 9]
	6, [3, 0]
	7, [0]
	8, [3]
	9, [8, 1, 4]
}
the number of primePath:202
path1: [1, 5, 1]
path2: [2, 4, 2]
path3: [3, 8, 3]
path4: [4, 2, 4]
path5: [5, 1, 5]
path6: [8, 3, 8]
path7: [0, 2, 6, 0]
path8: [0, 2, 7, 0]
path9: [1, 3, 9, 1]
path10: [1, 5, 9, 1]
path11: [2, 6, 0, 2]
path12: [2, 7, 0, 2]
path13: [3, 9, 1, 3]
path14: [3, 9, 8, 3]
path15: [4, 5, 9, 4]
path16: [5, 9, 1, 5]
path17: [5, 9, 4, 5]
path18: [6, 0, 2, 6]
path19: [6, 0, 2, 7]
path20: [7, 0, 2, 7]
path21: [8, 3, 9, 8]
path22: [9, 1, 3, 9]
path23: [9, 1, 5, 9]
path24: [9, 4, 5, 9]
path25: [9, 8, 3, 9]
path26: [0, 2, 4, 5, 0]
path27: [1, 2, 4, 5, 1]
path28: [1, 5, 3, 9, 1]
path29: [1, 5, 3, 9, 8]
path30: [1, 5, 9, 8, 3]
path31: [1, 8, 3, 9, 1]
path32: [2, 4, 5, 0, 2]
path33: [2, 4, 5, 1, 2]
path34: [3, 9, 1, 5, 3]
path35: [3, 9, 1, 8, 3]
path36: [3, 9, 4, 5, 3]
path37: [3, 9, 4, 8, 3]
path38: [4, 5, 0, 2, 4]
path39: [4, 5, 1, 2, 4]
path40: [4, 5, 3, 9, 4]
path41: [4, 8, 3, 9, 4]
path42: [5, 0, 2, 4, 5]
path43: [5, 1, 2, 4, 5]
path44: [5, 3, 9, 1, 5]
path45: [5, 3, 9, 4, 5]
path46: [8, 3, 9, 1, 8]
path47: [8, 3, 9, 4, 8]
path48: [9, 1, 5, 3, 8]
path49: [9, 1, 5, 3, 9]
path50: [9, 1, 8, 3, 9]
path51: [9, 4, 5, 3, 8]
path52: [9, 4, 5, 3, 9]
path53: [9, 4, 8, 3, 9]
path54: [1, 2, 4, 5, 9, 1]
path55: [1, 2, 6, 3, 9, 1]
path56: [1, 3, 9, 4, 5, 1]
path57: [1, 5, 3, 9, 4, 8]
path58: [1, 5, 9, 4, 8, 3]
path59: [2, 4, 5, 9, 1, 2]
path60: [2, 6, 3, 9, 1, 2]
path61: [2, 6, 3, 9, 4, 2]
path62: [3, 9, 1, 2, 6, 3]
path63: [3, 9, 4, 2, 6, 3]
path64: [3, 9, 4, 5, 1, 3]
path65: [4, 2, 6, 3, 9, 4]
path66: [4, 2, 6, 3, 9, 8]
path67: [4, 5, 1, 3, 9, 4]
path68: [4, 5, 9, 1, 2, 4]
path69: [5, 1, 3, 9, 4, 5]
path70: [5, 1, 3, 9, 4, 8]
path71: [5, 9, 1, 2, 4, 5]
path72: [6, 3, 9, 1, 2, 6]
path73: [6, 3, 9, 4, 2, 6]
path74: [7, 0, 2, 6, 3, 8]
path75: [9, 1, 2, 4, 5, 9]
path76: [9, 1, 2, 6, 3, 9]
path77: [9, 4, 2, 6, 3, 9]
path78: [9, 4, 5, 1, 3, 8]
path79: [9, 4, 5, 1, 3, 9]
path80: [1, 2, 4, 5, 3, 9, 1]
path81: [1, 2, 4, 5, 3, 9, 8]
path82: [1, 2, 4, 5, 9, 8, 3]
path83: [1, 2, 4, 8, 3, 9, 1]
path84: [1, 5, 9, 4, 2, 6, 0]
path85: [1, 5, 9, 4, 2, 7, 0]
path86: [1, 8, 3, 9, 4, 5, 1]
path87: [2, 4, 5, 3, 9, 1, 2]
path88: [2, 4, 8, 3, 9, 1, 2]
path89: [3, 9, 1, 2, 4, 5, 3]
path90: [3, 9, 1, 2, 4, 8, 3]
path91: [3, 9, 4, 5, 1, 8, 3]
path92: [4, 2, 6, 3, 9, 1, 8]
path93: [4, 5, 1, 8, 3, 9, 4]
path94: [4, 5, 3, 9, 1, 2, 4]
path95: [4, 5, 9, 1, 2, 6, 0]
path96: [4, 5, 9, 1, 2, 7, 0]
path97: [4, 8, 3, 9, 1, 2, 4]
path98: [5, 1, 2, 4, 8, 3, 9]
path99: [5, 1, 8, 3, 9, 4, 5]
path100: [5, 3, 9, 1, 2, 4, 5]
path101: [5, 3, 9, 1, 2, 4, 8]
path102: [5, 9, 1, 2, 4, 8, 3]
path103: [6, 0, 2, 4, 5, 3, 8]
path104: [6, 3, 9, 1, 2, 4, 8]
path105: [6, 3, 9, 1, 2, 7, 0]
path106: [6, 3, 9, 4, 2, 7, 0]
path107: [7, 0, 2, 4, 5, 3, 8]
path108: [7, 0, 2, 6, 3, 9, 8]
path109: [8, 3, 9, 1, 2, 4, 8]
path110: [8, 3, 9, 4, 5, 1, 8]
path111: [9, 1, 2, 4, 5, 3, 8]
path112: [9, 1, 2, 4, 5, 3, 9]
path113: [9, 1, 2, 4, 8, 3, 9]
path114: [9, 4, 5, 1, 8, 3, 9]
path115: [0, 2, 6, 3, 9, 1, 5, 0]
path116: [0, 2, 6, 3, 9, 4, 5, 0]
path117: [1, 2, 6, 3, 9, 4, 5, 0]
path118: [1, 2, 6, 3, 9, 4, 5, 1]
path119: [1, 3, 9, 4, 5, 0, 2, 6]
path120: [1, 3, 9, 4, 5, 0, 2, 7]
path121: [1, 5, 0, 2, 6, 3, 9, 1]
path122: [1, 5, 0, 2, 6, 3, 9, 8]
path123: [1, 5, 3, 9, 4, 2, 6, 0]
path124: [1, 5, 3, 9, 4, 2, 7, 0]
path125: [1, 5, 9, 4, 2, 6, 3, 8]
path126: [2, 6, 3, 9, 1, 5, 0, 2]
path127: [2, 6, 3, 9, 4, 5, 0, 2]
path128: [2, 6, 3, 9, 4, 5, 1, 2]
path129: [3, 9, 1, 5, 0, 2, 6, 3]
path130: [3, 9, 4, 5, 0, 2, 6, 3]
path131: [3, 9, 4, 5, 1, 2, 6, 3]
path132: [4, 2, 6, 3, 9, 1, 5, 0]
path133: [4, 5, 0, 2, 6, 3, 9, 4]
path134: [4, 5, 0, 2, 6, 3, 9, 8]
path135: [4, 5, 1, 2, 6, 3, 9, 4]
path136: [4, 5, 1, 2, 6, 3, 9, 8]
path137: [4, 5, 3, 9, 1, 2, 6, 0]
path138: [4, 5, 3, 9, 1, 2, 7, 0]
path139: [4, 5, 9, 1, 2, 6, 3, 8]
path140: [4, 8, 3, 9, 1, 2, 6, 0]
path141: [4, 8, 3, 9, 1, 2, 7, 0]
path142: [5, 0, 2, 6, 3, 9, 1, 5]
path143: [5, 0, 2, 6, 3, 9, 4, 5]
path144: [5, 1, 2, 6, 3, 9, 4, 5]
path145: [5, 1, 2, 6, 3, 9, 4, 8]
path146: [5, 1, 3, 9, 4, 2, 6, 0]
path147: [5, 1, 3, 9, 4, 2, 7, 0]
path148: [6, 0, 2, 4, 5, 1, 3, 8]
path149: [6, 0, 2, 4, 5, 3, 9, 8]
path150: [6, 0, 2, 4, 5, 9, 8, 3]
path151: [6, 3, 9, 1, 2, 4, 5, 0]
path152: [6, 3, 9, 1, 5, 0, 2, 6]
path153: [6, 3, 9, 1, 5, 0, 2, 7]
path154: [6, 3, 9, 4, 5, 0, 2, 6]
path155: [6, 3, 9, 4, 5, 0, 2, 7]
path156: [6, 3, 9, 4, 5, 1, 2, 6]
path157: [7, 0, 2, 4, 5, 1, 3, 8]
path158: [7, 0, 2, 4, 5, 3, 9, 8]
path159: [7, 0, 2, 4, 5, 9, 8, 3]
path160: [7, 0, 2, 6, 3, 9, 1, 5]
path161: [7, 0, 2, 6, 3, 9, 1, 8]
path162: [7, 0, 2, 6, 3, 9, 4, 8]
path163: [8, 3, 9, 1, 2, 4, 5, 0]
path164: [9, 1, 5, 0, 2, 6, 3, 8]
path165: [9, 1, 5, 0, 2, 6, 3, 9]
path166: [9, 4, 5, 0, 2, 6, 3, 8]
path167: [9, 4, 5, 0, 2, 6, 3, 9]
path168: [9, 4, 5, 1, 2, 6, 3, 8]
path169: [9, 4, 5, 1, 2, 6, 3, 9]
path170: [0, 2, 4, 8, 3, 9, 1, 5, 0]
path171: [1, 5, 0, 2, 4, 8, 3, 9, 1]
path172: [1, 5, 0, 2, 6, 3, 9, 4, 8]
path173: [1, 8, 3, 9, 4, 5, 0, 2, 6]
path174: [1, 8, 3, 9, 4, 5, 0, 2, 7]
path175: [2, 4, 8, 3, 9, 1, 5, 0, 2]
path176: [3, 9, 1, 5, 0, 2, 4, 8, 3]
path177: [4, 5, 0, 2, 6, 3, 9, 1, 8]
path178: [4, 8, 3, 9, 1, 5, 0, 2, 4]
path179: [4, 8, 3, 9, 1, 5, 0, 2, 6]
path180: [4, 8, 3, 9, 1, 5, 0, 2, 7]
path181: [5, 0, 2, 4, 8, 3, 9, 1, 5]
path182: [5, 1, 8, 3, 9, 4, 2, 6, 0]
path183: [5, 1, 8, 3, 9, 4, 2, 7, 0]
path184: [6, 0, 2, 4, 5, 1, 3, 9, 8]
path185: [6, 0, 2, 4, 5, 1, 8, 3, 9]
path186: [6, 0, 2, 4, 5, 3, 9, 1, 8]
path187: [6, 0, 2, 4, 5, 9, 1, 3, 8]
path188: [6, 0, 2, 4, 5, 9, 1, 8, 3]
path189: [6, 0, 2, 4, 8, 3, 9, 1, 5]
path190: [6, 3, 9, 1, 5, 0, 2, 4, 8]
path191: [6, 3, 9, 4, 5, 1, 2, 7, 0]
path192: [7, 0, 2, 4, 5, 1, 3, 9, 8]
path193: [7, 0, 2, 4, 5, 1, 8, 3, 9]
path194: [7, 0, 2, 4, 5, 3, 9, 1, 8]
path195: [7, 0, 2, 4, 5, 9, 1, 3, 8]
path196: [7, 0, 2, 4, 5, 9, 1, 8, 3]
path197: [7, 0, 2, 4, 8, 3, 9, 1, 5]
path198: [8, 3, 9, 1, 5, 0, 2, 4, 8]
path199: [8, 3, 9, 4, 5, 1, 2, 6, 0]
path200: [8, 3, 9, 4, 5, 1, 2, 7, 0]
path201: [9, 1, 5, 0, 2, 4, 8, 3, 9]
path202: [7, 0, 2, 6, 3, 9, 4, 5, 1, 8]
