graph = {
	0, [4, 2, 5, 6]
	1, [3, 0]
	2, [0]
	3, [2]
	4, [5, 9]
	5, [3]
	6, [4]
	7, [3]
	8, [9, 5, 6]
	9, [1, 8, 7]
}
the number of primePath:108
path1: [0, 2, 0]
path2: [2, 0, 2]
path3: [8, 9, 8]
path4: [9, 8, 9]
path5: [0, 4, 9, 1, 0]
path6: [0, 5, 3, 2, 0]
path7: [1, 0, 4, 9, 1]
path8: [2, 0, 5, 3, 2]
path9: [3, 2, 0, 5, 3]
path10: [4, 9, 1, 0, 4]
path11: [4, 9, 8, 6, 4]
path12: [5, 3, 2, 0, 5]
path13: [6, 4, 9, 8, 6]
path14: [8, 6, 4, 9, 8]
path15: [8, 9, 1, 0, 2]
path16: [9, 1, 0, 4, 9]
path17: [9, 8, 6, 4, 9]
path18: [0, 4, 5, 3, 2, 0]
path19: [0, 6, 4, 9, 1, 0]
path20: [1, 0, 4, 9, 8, 6]
path21: [1, 0, 6, 4, 9, 1]
path22: [2, 0, 4, 5, 3, 2]
path23: [3, 2, 0, 4, 5, 3]
path24: [4, 5, 3, 2, 0, 4]
path25: [4, 9, 1, 0, 6, 4]
path26: [5, 3, 2, 0, 4, 5]
path27: [6, 4, 9, 1, 0, 6]
path28: [9, 1, 0, 6, 4, 9]
path29: [0, 4, 9, 1, 3, 2, 0]
path30: [0, 4, 9, 7, 3, 2, 0]
path31: [0, 6, 4, 5, 3, 2, 0]
path32: [1, 0, 4, 9, 7, 3, 2]
path33: [1, 3, 2, 0, 4, 9, 1]
path34: [1, 3, 2, 0, 4, 9, 7]
path35: [2, 0, 4, 9, 1, 3, 2]
path36: [2, 0, 4, 9, 7, 3, 2]
path37: [2, 0, 6, 4, 5, 3, 2]
path38: [3, 2, 0, 4, 9, 1, 3]
path39: [3, 2, 0, 4, 9, 7, 3]
path40: [3, 2, 0, 6, 4, 5, 3]
path41: [4, 5, 3, 2, 0, 6, 4]
path42: [4, 9, 1, 3, 2, 0, 4]
path43: [4, 9, 7, 3, 2, 0, 4]
path44: [5, 3, 2, 0, 6, 4, 5]
path45: [6, 4, 5, 3, 2, 0, 6]
path46: [7, 3, 2, 0, 4, 9, 1]
path47: [7, 3, 2, 0, 4, 9, 7]
path48: [8, 6, 4, 9, 1, 0, 2]
path49: [8, 9, 1, 0, 5, 3, 2]
path50: [8, 9, 1, 3, 2, 0, 5]
path51: [8, 9, 7, 3, 2, 0, 5]
path52: [9, 1, 3, 2, 0, 4, 9]
path53: [9, 7, 3, 2, 0, 4, 9]
path54: [0, 4, 9, 8, 5, 3, 2, 0]
path55: [0, 6, 4, 9, 1, 3, 2, 0]
path56: [0, 6, 4, 9, 7, 3, 2, 0]
path57: [1, 0, 4, 9, 8, 5, 3, 2]
path58: [1, 0, 6, 4, 9, 7, 3, 2]
path59: [1, 3, 2, 0, 4, 9, 8, 5]
path60: [1, 3, 2, 0, 4, 9, 8, 6]
path61: [1, 3, 2, 0, 6, 4, 9, 1]
path62: [1, 3, 2, 0, 6, 4, 9, 7]
path63: [2, 0, 4, 9, 8, 5, 3, 2]
path64: [2, 0, 6, 4, 9, 1, 3, 2]
path65: [2, 0, 6, 4, 9, 7, 3, 2]
path66: [3, 2, 0, 4, 9, 8, 5, 3]
path67: [3, 2, 0, 6, 4, 9, 1, 3]
path68: [3, 2, 0, 6, 4, 9, 7, 3]
path69: [4, 9, 1, 3, 2, 0, 6, 4]
path70: [4, 9, 7, 3, 2, 0, 6, 4]
path71: [4, 9, 8, 5, 3, 2, 0, 4]
path72: [5, 3, 2, 0, 4, 9, 8, 5]
path73: [5, 3, 2, 0, 4, 9, 8, 6]
path74: [6, 4, 9, 1, 3, 2, 0, 6]
path75: [6, 4, 9, 7, 3, 2, 0, 6]
path76: [7, 3, 2, 0, 4, 9, 8, 5]
path77: [7, 3, 2, 0, 4, 9, 8, 6]
path78: [7, 3, 2, 0, 6, 4, 9, 1]
path79: [7, 3, 2, 0, 6, 4, 9, 7]
path80: [8, 5, 3, 2, 0, 4, 9, 1]
path81: [8, 5, 3, 2, 0, 4, 9, 7]
path82: [8, 5, 3, 2, 0, 4, 9, 8]
path83: [8, 9, 1, 0, 4, 5, 3, 2]
path84: [8, 9, 1, 3, 2, 0, 4, 5]
path85: [8, 9, 7, 3, 2, 0, 4, 5]
path86: [9, 1, 3, 2, 0, 6, 4, 9]
path87: [9, 7, 3, 2, 0, 6, 4, 9]
path88: [9, 8, 5, 3, 2, 0, 4, 9]
path89: [9, 8, 6, 4, 5, 3, 2, 0]
path90: [0, 6, 4, 9, 8, 5, 3, 2, 0]
path91: [1, 0, 6, 4, 9, 8, 5, 3, 2]
path92: [1, 3, 2, 0, 6, 4, 9, 8, 5]
path93: [2, 0, 6, 4, 9, 8, 5, 3, 2]
path94: [3, 2, 0, 6, 4, 9, 8, 5, 3]
path95: [4, 9, 8, 5, 3, 2, 0, 6, 4]
path96: [5, 3, 2, 0, 6, 4, 9, 8, 5]
path97: [6, 4, 9, 8, 5, 3, 2, 0, 6]
path98: [7, 3, 2, 0, 6, 4, 9, 8, 5]
path99: [8, 5, 3, 2, 0, 6, 4, 9, 1]
path100: [8, 5, 3, 2, 0, 6, 4, 9, 7]
path101: [8, 5, 3, 2, 0, 6, 4, 9, 8]
path102: [8, 6, 4, 9, 1, 0, 5, 3, 2]
path103: [8, 6, 4, 9, 1, 3, 2, 0, 5]
path104: [8, 6, 4, 9, 7, 3, 2, 0, 5]
path105: [8, 9, 1, 0, 6, 4, 5, 3, 2]
path106: [8, 9, 1, 3, 2, 0, 6, 4, 5]
path107: [8, 9, 7, 3, 2, 0, 6, 4, 5]
path108: [9, 8, 5, 3, 2, 0, 6, 4, 9]
