graph = {
	0, [3, 4, 8]
	1, [7]
	2, [0, 9, 6, 5]
	3, [0, 6]
	4, [3, 5]
	5, [2, 1]
	6, [4, 2]
	7, [9, 5, 8, 1, 4]
	8, [9]
	9, [4, 5]
}
the number of primePath:213
path1: [0, 3, 0]
path2: [1, 7, 1]
path3: [2, 5, 2]
path4: [2, 6, 2]
path5: [3, 0, 3]
path6: [5, 2, 5]
path7: [6, 2, 6]
path8: [7, 1, 7]
path9: [0, 4, 3, 0]
path10: [1, 7, 5, 1]
path11: [2, 9, 5, 2]
path12: [3, 0, 4, 3]
path13: [3, 6, 4, 3]
path14: [4, 3, 0, 4]
path15: [4, 3, 6, 4]
path16: [5, 1, 7, 5]
path17: [5, 2, 9, 5]
path18: [6, 4, 3, 6]
path19: [7, 5, 1, 7]
path20: [9, 5, 2, 9]
path21: [0, 3, 6, 2, 0]
path22: [0, 4, 5, 2, 0]
path23: [1, 7, 4, 5, 1]
path24: [1, 7, 9, 5, 1]
path25: [2, 0, 3, 6, 2]
path26: [2, 0, 4, 5, 2]
path27: [2, 6, 4, 5, 2]
path28: [2, 9, 4, 5, 2]
path29: [3, 6, 2, 0, 3]
path30: [4, 5, 1, 7, 4]
path31: [4, 5, 2, 0, 4]
path32: [4, 5, 2, 6, 4]
path33: [4, 5, 2, 9, 4]
path34: [5, 1, 7, 4, 5]
path35: [5, 1, 7, 9, 5]
path36: [5, 2, 0, 4, 5]
path37: [5, 2, 6, 4, 5]
path38: [5, 2, 9, 4, 5]
path39: [6, 2, 0, 3, 6]
path40: [6, 4, 5, 2, 6]
path41: [7, 4, 5, 1, 7]
path42: [7, 9, 5, 1, 7]
path43: [9, 4, 5, 2, 9]
path44: [9, 5, 1, 7, 9]
path45: [0, 4, 3, 6, 2, 0]
path46: [0, 8, 9, 4, 3, 0]
path47: [0, 8, 9, 5, 2, 0]
path48: [1, 7, 4, 5, 2, 6]
path49: [1, 7, 4, 5, 2, 9]
path50: [1, 7, 8, 9, 5, 1]
path51: [1, 7, 9, 4, 5, 1]
path52: [2, 0, 4, 3, 6, 2]
path53: [2, 0, 8, 9, 5, 2]
path54: [2, 9, 4, 3, 6, 2]
path55: [3, 0, 4, 5, 2, 6]
path56: [3, 0, 4, 5, 2, 9]
path57: [3, 0, 8, 9, 4, 3]
path58: [3, 6, 2, 0, 4, 3]
path59: [3, 6, 2, 9, 4, 3]
path60: [4, 3, 0, 8, 9, 4]
path61: [4, 3, 6, 2, 0, 4]
path62: [4, 3, 6, 2, 9, 4]
path63: [4, 5, 1, 7, 9, 4]
path64: [5, 1, 7, 8, 9, 5]
path65: [5, 1, 7, 9, 4, 5]
path66: [5, 2, 0, 8, 9, 5]
path67: [6, 2, 0, 4, 3, 6]
path68: [6, 2, 9, 4, 3, 6]
path69: [7, 8, 9, 5, 1, 7]
path70: [7, 9, 4, 5, 1, 7]
path71: [8, 9, 4, 3, 0, 8]
path72: [8, 9, 5, 1, 7, 8]
path73: [8, 9, 5, 2, 0, 8]
path74: [9, 4, 3, 0, 8, 9]
path75: [9, 4, 3, 6, 2, 9]
path76: [9, 4, 5, 1, 7, 9]
path77: [9, 5, 1, 7, 8, 9]
path78: [9, 5, 2, 0, 8, 9]
path79: [0, 3, 6, 4, 5, 2, 0]
path80: [0, 3, 6, 4, 5, 2, 9]
path81: [0, 8, 9, 4, 5, 2, 0]
path82: [1, 7, 8, 9, 4, 5, 1]
path83: [1, 7, 9, 4, 5, 2, 6]
path84: [1, 7, 9, 5, 2, 0, 8]
path85: [2, 0, 3, 6, 4, 5, 2]
path86: [2, 0, 8, 9, 4, 5, 2]
path87: [2, 6, 4, 5, 1, 7, 9]
path88: [3, 0, 4, 5, 1, 7, 9]
path89: [3, 6, 4, 5, 2, 0, 3]
path90: [4, 5, 1, 7, 8, 9, 4]
path91: [4, 5, 2, 0, 3, 6, 4]
path92: [4, 5, 2, 0, 8, 9, 4]
path93: [5, 1, 7, 8, 9, 4, 5]
path94: [5, 2, 0, 3, 6, 4, 5]
path95: [5, 2, 0, 8, 9, 4, 5]
path96: [6, 2, 9, 4, 3, 0, 8]
path97: [6, 4, 5, 2, 0, 3, 6]
path98: [7, 8, 9, 4, 5, 1, 7]
path99: [8, 9, 4, 5, 1, 7, 8]
path100: [8, 9, 4, 5, 2, 0, 8]
path101: [9, 4, 5, 1, 7, 8, 9]
path102: [9, 4, 5, 2, 0, 8, 9]
path103: [0, 3, 6, 2, 5, 1, 7, 4]
path104: [0, 8, 9, 4, 3, 6, 2, 0]
path105: [1, 7, 4, 3, 6, 2, 5, 1]
path106: [1, 7, 4, 5, 2, 0, 3, 6]
path107: [1, 7, 4, 5, 2, 0, 8, 9]
path108: [1, 7, 5, 2, 0, 3, 6, 4]
path109: [1, 7, 5, 2, 0, 4, 3, 6]
path110: [1, 7, 5, 2, 9, 4, 3, 6]
path111: [1, 7, 8, 9, 4, 5, 2, 6]
path112: [1, 7, 9, 4, 5, 2, 0, 8]
path113: [2, 0, 8, 9, 4, 3, 6, 2]
path114: [2, 5, 1, 7, 4, 3, 6, 2]
path115: [2, 6, 4, 5, 1, 7, 8, 9]
path116: [3, 0, 4, 5, 1, 7, 8, 9]
path117: [3, 0, 8, 9, 4, 5, 1, 7]
path118: [3, 0, 8, 9, 4, 5, 2, 6]
path119: [3, 6, 2, 0, 8, 9, 4, 3]
path120: [3, 6, 2, 5, 1, 7, 4, 3]
path121: [3, 6, 4, 5, 2, 0, 8, 9]
path122: [4, 3, 6, 2, 0, 8, 9, 4]
path123: [4, 3, 6, 2, 5, 1, 7, 4]
path124: [5, 1, 7, 4, 3, 6, 2, 5]
path125: [6, 2, 0, 8, 9, 4, 3, 6]
path126: [6, 2, 5, 1, 7, 4, 3, 6]
path127: [7, 4, 3, 6, 2, 5, 1, 7]
path128: [8, 9, 4, 3, 6, 2, 0, 8]
path129: [9, 4, 3, 6, 2, 0, 8, 9]
path130: [0, 3, 6, 2, 5, 1, 7, 9, 4]
path131: [0, 3, 6, 2, 9, 5, 1, 7, 4]
path132: [0, 3, 6, 2, 9, 5, 1, 7, 8]
path133: [0, 4, 3, 6, 2, 5, 1, 7, 9]
path134: [0, 8, 9, 5, 1, 7, 4, 3, 0]
path135: [0, 8, 9, 5, 2, 6, 4, 3, 0]
path136: [1, 7, 4, 3, 0, 8, 9, 5, 1]
path137: [1, 7, 4, 3, 6, 2, 9, 5, 1]
path138: [1, 7, 5, 2, 9, 4, 3, 0, 8]
path139: [1, 7, 9, 4, 3, 6, 2, 5, 1]
path140: [1, 7, 9, 4, 5, 2, 0, 3, 6]
path141: [1, 7, 9, 5, 2, 0, 3, 6, 4]
path142: [1, 7, 9, 5, 2, 0, 4, 3, 6]
path143: [2, 0, 3, 6, 4, 5, 1, 7, 9]
path144: [2, 5, 1, 7, 9, 4, 3, 6, 2]
path145: [2, 6, 4, 3, 0, 8, 9, 5, 2]
path146: [2, 9, 5, 1, 7, 4, 3, 6, 2]
path147: [3, 0, 8, 9, 5, 1, 7, 4, 3]
path148: [3, 0, 8, 9, 5, 2, 6, 4, 3]
path149: [3, 6, 2, 0, 4, 5, 1, 7, 9]
path150: [3, 6, 2, 5, 1, 7, 9, 4, 3]
path151: [3, 6, 2, 9, 5, 1, 7, 4, 3]
path152: [4, 3, 0, 8, 9, 5, 1, 7, 4]
path153: [4, 3, 0, 8, 9, 5, 2, 6, 4]
path154: [4, 3, 6, 2, 5, 1, 7, 9, 4]
path155: [4, 3, 6, 2, 9, 5, 1, 7, 4]
path156: [5, 1, 7, 4, 3, 0, 8, 9, 5]
path157: [5, 1, 7, 4, 3, 6, 2, 9, 5]
path158: [5, 1, 7, 9, 4, 3, 6, 2, 5]
path159: [5, 2, 6, 4, 3, 0, 8, 9, 5]
path160: [6, 2, 5, 1, 7, 9, 4, 3, 6]
path161: [6, 2, 9, 5, 1, 7, 4, 3, 6]
path162: [6, 4, 3, 0, 8, 9, 5, 2, 6]
path163: [7, 4, 3, 0, 8, 9, 5, 1, 7]
path164: [7, 4, 3, 6, 2, 9, 5, 1, 7]
path165: [7, 9, 4, 3, 6, 2, 5, 1, 7]
path166: [8, 9, 5, 1, 7, 4, 3, 0, 8]
path167: [8, 9, 5, 2, 6, 4, 3, 0, 8]
path168: [9, 4, 3, 6, 2, 5, 1, 7, 9]
path169: [9, 5, 1, 7, 4, 3, 0, 8, 9]
path170: [9, 5, 1, 7, 4, 3, 6, 2, 9]
path171: [9, 5, 2, 6, 4, 3, 0, 8, 9]
path172: [0, 3, 6, 2, 5, 1, 7, 8, 9, 4]
path173: [0, 3, 6, 2, 9, 4, 5, 1, 7, 8]
path174: [0, 4, 3, 6, 2, 5, 1, 7, 8, 9]
path175: [0, 4, 3, 6, 2, 9, 5, 1, 7, 8]
path176: [0, 8, 9, 4, 3, 6, 2, 5, 1, 7]
path177: [1, 7, 4, 3, 0, 8, 9, 5, 2, 6]
path178: [1, 7, 5, 2, 0, 8, 9, 4, 3, 6]
path179: [1, 7, 5, 2, 6, 4, 3, 0, 8, 9]
path180: [1, 7, 8, 9, 4, 3, 6, 2, 5, 1]
path181: [1, 7, 8, 9, 4, 5, 2, 0, 3, 6]
path182: [1, 7, 8, 9, 5, 2, 0, 3, 6, 4]
path183: [1, 7, 8, 9, 5, 2, 0, 4, 3, 6]
path184: [1, 7, 8, 9, 5, 2, 6, 4, 3, 0]
path185: [1, 7, 9, 5, 2, 6, 4, 3, 0, 8]
path186: [2, 0, 3, 6, 4, 5, 1, 7, 8, 9]
path187: [2, 5, 1, 7, 8, 9, 4, 3, 6, 2]
path188: [2, 6, 4, 3, 0, 8, 9, 5, 1, 7]
path189: [3, 6, 2, 0, 4, 5, 1, 7, 8, 9]
path190: [3, 6, 2, 0, 8, 9, 4, 5, 1, 7]
path191: [3, 6, 2, 5, 1, 7, 8, 9, 4, 3]
path192: [4, 3, 6, 2, 5, 1, 7, 8, 9, 4]
path193: [5, 1, 7, 8, 9, 4, 3, 6, 2, 0]
path194: [5, 1, 7, 8, 9, 4, 3, 6, 2, 5]
path195: [5, 1, 7, 9, 4, 3, 6, 2, 0, 8]
path196: [6, 2, 5, 1, 7, 4, 3, 0, 8, 9]
path197: [6, 2, 5, 1, 7, 8, 9, 4, 3, 0]
path198: [6, 2, 5, 1, 7, 8, 9, 4, 3, 6]
path199: [6, 2, 5, 1, 7, 9, 4, 3, 0, 8]
path200: [6, 2, 9, 5, 1, 7, 4, 3, 0, 8]
path201: [7, 8, 9, 4, 3, 6, 2, 5, 1, 7]
path202: [8, 9, 4, 3, 6, 2, 5, 1, 7, 8]
path203: [9, 4, 3, 6, 2, 5, 1, 7, 8, 9]
path204: [0, 8, 9, 5, 1, 7, 4, 3, 6, 2, 0]
path205: [1, 7, 4, 3, 6, 2, 0, 8, 9, 5, 1]
path206: [2, 0, 8, 9, 5, 1, 7, 4, 3, 6, 2]
path207: [3, 6, 2, 0, 8, 9, 5, 1, 7, 4, 3]
path208: [4, 3, 6, 2, 0, 8, 9, 5, 1, 7, 4]
path209: [5, 1, 7, 4, 3, 6, 2, 0, 8, 9, 5]
path210: [6, 2, 0, 8, 9, 5, 1, 7, 4, 3, 6]
path211: [7, 4, 3, 6, 2, 0, 8, 9, 5, 1, 7]
path212: [8, 9, 5, 1, 7, 4, 3, 6, 2, 0, 8]
path213: [9, 5, 1, 7, 4, 3, 6, 2, 0, 8, 9]
